   2.5000000e-01
   1.9834711e-01
   3.3734940e-01
   2.8366762e-01
   2.7195467e-01
   2.0689655e-01
   3.1215470e-01
   1.7955801e-01
   1.9287834e-01
   1.3173653e-01
   2.4489796e-01
   2.0699708e-01
   1.6761364e-01
   1.2912088e-01
   2.3989218e-01
   1.9729730e-01
   2.0833333e-01
   1.3079019e-01
   1.9220056e-01
   4.3769968e-01
   2.8571429e-01
   2.9559748e-01
   1.9335347e-01
   1.9939577e-01
   1.9883041e-01
   1.8406593e-01
   1.3101604e-01
   1.4209115e-01
   2.2432432e-01
   2.5147929e-01
   2.3584906e-01
   4.3421053e-01
   5.7093426e-01
   5.9790210e-01
   6.8727273e-01
   3.4795322e-01
   3.4951456e-01
   4.0514469e-01
   4.2000000e-01
   3.8815789e-01
   4.7231270e-01
   3.6482085e-01
   2.4444444e-01
   3.8387097e-01
   2.5386997e-01
   2.5688073e-01
   1.3081395e-01
   1.1452514e-01
   2.1818182e-01
   1.5105740e-01
   2.9153605e-01
   3.6363636e-01
   3.3441558e-01
   2.3642173e-01
   3.9413681e-01
   2.7138643e-01
   3.2035928e-01
   1.5669516e-01
   7.4792244e-02
   2.0249221e-01
   3.8263666e-01
   5.2475248e-01
   4.2810458e-01
   4.2345277e-01
   5.6000000e-01
   4.3613707e-01
   1.0129870e-01
   1.0655738e-01
   1.2787724e-01
   2.8690808e-01
   1.4555256e-01
   1.6239316e-01
   2.3323615e-01
   3.1671554e-01
   2.3167155e-01
   1.7948718e-01
   2.9360465e-01
   2.9154519e-01
   1.8970190e-01
   9.7883598e-02
   6.8010076e-02
   3.8095238e-02
   1.0757946e-01
   8.2294264e-02
   6.1176471e-02
   1.2755102e-01
   1.0606061e-01
   8.0808081e-02
   9.7323601e-02
   8.5995086e-02
   8.8888889e-02
   1.1253197e-01
   9.2838196e-02
   8.2446809e-02
   1.2342569e-01
   1.0679612e-01
   8.3333333e-02
   7.9710145e-02
   5.3527981e-02
   4.9019608e-02
   7.7889447e-02
   8.8383838e-02
   1.1688312e-01
   1.9390582e-01
   1.5616438e-01
   1.7213115e-01
   1.3600000e-01
   9.3150685e-02
   3.5805627e-02
   1.5877437e-01
   1.5193370e-01
   1.8767507e-01
   2.1186441e-01
   2.5872093e-01
   2.6285714e-01
   2.2608696e-01
   2.6822157e-01
   2.1345029e-01
   1.6384181e-01
   1.2087912e-01
   2.1865889e-01
   2.4712644e-01
   2.5068871e-01
   1.2631579e-01
   2.1450151e-01
   2.8301887e-01
   2.3734177e-01
   2.2429907e-01
   1.8654434e-01
   9.0361446e-02
   1.5709970e-01
   2.0658683e-01
   2.0606061e-01
   2.2018349e-01
   3.2812500e-01
   1.4285714e-01
   3.9228296e-01
   3.7460317e-01
   3.5369775e-01
   5.3289474e-01
   5.4362416e-01
   3.5530086e-01
   3.5135135e-01
   3.7261146e-01
   2.6647564e-01
   4.2857143e-01
   5.0158730e-01
   4.9025974e-01
   5.6146179e-01
   5.5481728e-01
   5.6000000e-01
   5.5298013e-01
   4.8543689e-01
   5.0000000e-01
   4.0740741e-01
   2.8656716e-01
   2.5633803e-01
   4.4025157e-01
   5.5048860e-01
   4.9508197e-01
   4.3831169e-01
   5.7843137e-01
   6.0000000e-01
   4.4408946e-01
   4.7249191e-01
   4.4126984e-01
   3.4567901e-01
   4.9675325e-01
   3.9498433e-01
   4.4516129e-01
   4.8701299e-01
   2.3668639e-01
   2.0396601e-01
   2.0000000e-01
   2.3837209e-01
   4.8242812e-01
   6.1952862e-01
   4.9196141e-01
   4.2006270e-01
   4.4444444e-01
   5.0491803e-01
   4.7727273e-01
   3.7500000e-01
   4.1924399e-01
   5.4838710e-01
   5.2127660e-01
   1.9263456e-01
   2.1468927e-01
   5.8360656e-01
   6.2416107e-01
   5.3198653e-01
   6.0139860e-01
   7.3476703e-01
   7.2830189e-01
   7.8210117e-01
   7.2941176e-01
   7.1764706e-01
   6.3385827e-01
   6.6283525e-01
   6.2890625e-01
   1.9473684e-01
   1.7804154e-01
   2.8378378e-01
   3.7956204e-01
   5.8064516e-01
   6.7193676e-01
   6.3306452e-01
   6.0546875e-01
   4.5936396e-01
   6.8339768e-01
   6.0784314e-01
   5.0719424e-01
   6.7567568e-01
   5.9550562e-01
   5.4961832e-01
   3.8380282e-01
   1.8387097e-01
   2.2408027e-01
   3.4375000e-01
   5.4710145e-01
   7.4621212e-01
   6.5201465e-01
   7.9922780e-01
   8.2470120e-01
   8.4000000e-01
   7.9296875e-01
   8.6852590e-01
   7.2627737e-01
   7.4015748e-01
   6.7857143e-01
   7.9835391e-01
   6.4794007e-01
   6.0931900e-01
   6.4750958e-01
   2.8923077e-01
   6.4766839e-02
   6.0052219e-02
   2.1428571e-01
   2.6843658e-01
   1.1377246e-01
   2.9900332e-01
   3.8062284e-01
   4.8763251e-01
   6.1654135e-01
   6.4393939e-01
   5.7509158e-01
   5.9923664e-01
   7.5494071e-01
   6.1977186e-01
   3.2989691e-01
   3.4090909e-01
   7.4703557e-01
   6.1111111e-01
   2.4262295e-01
   5.7971014e-01
   5.0522648e-01
   5.3846154e-01
   7.0895522e-01
   6.4944649e-01
   5.8426966e-01
   6.4638783e-01
   5.8052434e-01
   5.0168350e-01
   4.3793103e-01
   6.0740741e-01
   4.0366972e-01
   2.6430518e-01
