   4.4154622e-02
   4.2483606e-02
   5.3526257e-02
   5.2682076e-02
   4.8503614e-02
   4.1383231e-02
   5.3227984e-02
   4.1853434e-02
   4.1619764e-02
   3.5636219e-02
   4.6193565e-02
   4.1172715e-02
   3.8017826e-02
   3.3868159e-02
   5.1567191e-02
   4.0843472e-02
   4.4598518e-02
   3.4783958e-02
   4.0081359e-02
   6.1384141e-02
   5.2302923e-02
   6.1553142e-02
   4.0204876e-02
   4.2699894e-02
   3.9636359e-02
   4.6819973e-02
   3.7287222e-02
   3.5132839e-02
   4.8596241e-02
   4.4366614e-02
   4.2822509e-02
   5.8064676e-02
   8.7634721e-02
   9.2974205e-02
   1.0555526e-01
   7.0328407e-02
   5.5069036e-02
   6.3387290e-02
   6.3249321e-02
   6.9545730e-02
   6.8449415e-02
   5.3547264e-02
   4.3246396e-02
   7.1388487e-02
   4.8125256e-02
   5.0180652e-02
   3.5707427e-02
   3.6760321e-02
   4.3561347e-02
   3.6263928e-02
   5.7577180e-02
   5.5036794e-02
   5.2015826e-02
   4.5007383e-02
   5.4667786e-02
   4.7358795e-02
   5.8532656e-02
   4.3314953e-02
   2.8474122e-02
   4.0751775e-02
   5.4850660e-02
   6.8435631e-02
   5.6542020e-02
   5.7076096e-02
   7.4320948e-02
   6.3188094e-02
   3.2496353e-02
   3.4152023e-02
   4.3058813e-02
   6.9428948e-02
   3.6813400e-02
   3.5914547e-02
   4.3394656e-02
   4.8124960e-02
   4.4002832e-02
   3.9131672e-02
   5.0248742e-02
   4.9851909e-02
   4.1394395e-02
   3.5642367e-02
   2.7911970e-02
   2.4025086e-02
   3.2361308e-02
   3.0007356e-02
   2.7240454e-02
   4.2711090e-02
   3.2489120e-02
   3.0579545e-02
   3.1352947e-02
   3.0939467e-02
   3.0895283e-02
   5.2103232e-02
   3.1242018e-02
   3.1176360e-02
   3.9716311e-02
   3.2757160e-02
   2.8814142e-02
   3.1180323e-02
   3.6663857e-02
   2.6311855e-02
   3.1522665e-02
   2.9667092e-02
   3.2101988e-02
   3.8347262e-02
   3.5514458e-02
   3.7196238e-02
   3.7333595e-02
   3.1276145e-02
   2.4386907e-02
   3.4363208e-02
   3.5817717e-02
   3.7760153e-02
   5.8560534e-02
   4.3567943e-02
   4.6048825e-02
   4.1937739e-02
   4.5908262e-02
   4.1419936e-02
   3.6649893e-02
   3.3073387e-02
   4.1318538e-02
   5.7373173e-02
   4.6779625e-02
   3.3827854e-02
   4.4520948e-02
   4.6758882e-02
   4.4612786e-02
   4.1582407e-02
   4.2090045e-02
   3.1885242e-02
   3.5902983e-02
   3.9795096e-02
   3.9620663e-02
   4.0729059e-02
   5.3251115e-02
   3.7408499e-02
   5.3828984e-02
   5.1755622e-02
   5.4219395e-02
   8.1960597e-02
   7.8790862e-02
   5.9117750e-02
   7.2825927e-02
   5.2536945e-02
   5.1813834e-02
   6.4660579e-02
   7.1105979e-02
   6.9338011e-02
   7.6437650e-02
   7.8861311e-02
   8.3994266e-02
   7.9408492e-02
   7.4741734e-02
   7.1721977e-02
   6.6913455e-02
   5.4207286e-02
   4.9295287e-02
   6.3884403e-02
   7.4024030e-02
   7.0840157e-02
   7.3302854e-02
   7.8254675e-02
   7.8371854e-02
   6.4715351e-02
   6.4014991e-02
   6.6255614e-02
   5.3890435e-02
   7.2898658e-02
   6.4375831e-02
   6.3346996e-02
   7.0607337e-02
   4.7830136e-02
   4.9584335e-02
   4.0503333e-02
   4.8153642e-02
   8.7323752e-02
   8.5107913e-02
   6.9386888e-02
   7.1469681e-02
   7.2579021e-02
   7.0895675e-02
   6.9874656e-02
   6.1928758e-02
   6.5404714e-02
   7.6128005e-02
   7.2419263e-02
   4.2773301e-02
   4.1444742e-02
   7.3920405e-02
   9.9074865e-02
   7.3910948e-02
   7.3266040e-02
   1.0272959e-01
   1.3379579e-01
   1.2232808e-01
   1.1073477e-01
   1.2016861e-01
   9.8305486e-02
   9.7722553e-02
   9.3464127e-02
   4.4384119e-02
   3.9735027e-02
   4.6885391e-02
   6.1825130e-02
   9.6189078e-02
   1.3297934e-01
   1.1144165e-01
   9.3749937e-02
   7.3956558e-02
   1.2055871e-01
   9.2426293e-02
   8.1852759e-02
   1.2838590e-01
   1.0024580e-01
   9.1393537e-02
   6.4984857e-02
   6.3092047e-02
   5.9059009e-02
   8.2749769e-02
   1.5666258e-01
   1.3509696e-01
   1.0391214e-01
   1.3966063e-01
   1.5863886e-01
   1.3980784e-01
   1.3896423e-01
   1.7326451e-01
   1.5229928e-01
   1.5671486e-01
   1.6901911e-01
   1.8402918e-01
   1.5395128e-01
   1.1511451e-01
   1.3602045e-01
   8.7413711e-02
   2.9812584e-02
   2.9968304e-02
   4.8312749e-02
   4.8803320e-02
   3.3660599e-02
   5.6142764e-02
   5.3668630e-02
   6.9558222e-02
   1.2595030e-01
   1.2476866e-01
   1.1331031e-01
   1.0293506e-01
   1.6084204e-01
   1.1292750e-01
   7.3489649e-02
   8.2214619e-02
   1.4608847e-01
   1.0856285e-01
   5.8185233e-02
   9.4346935e-02
   8.8895448e-02
   9.0010275e-02
   1.0868236e-01
   9.1037663e-02
   8.5549097e-02
   1.0665746e-01
   7.5047526e-02
   8.3055679e-02
   6.7130444e-02
   9.4146340e-02
   7.3190297e-02
   4.4937074e-02
