   9.6911938e+02
   8.9762964e+02
   8.9861865e+02
   9.2240918e+02
   9.5637988e+02
   9.3098413e+02
   9.1580176e+02
   9.2312183e+02
   9.2107275e+02
   9.2242651e+02
   8.8330127e+02
   9.3902808e+02
   9.5050659e+02
   9.2633521e+02
   9.0232104e+02
   9.2981226e+02
   9.3516504e+02
   9.5199756e+02
   9.6379443e+02
   7.6859741e+02
   7.0556934e+02
   8.2825000e+02
   9.8126147e+02
   9.1927344e+02
   8.9395337e+02
   8.9116968e+02
   8.9175513e+02
   7.3335474e+02
   7.3115576e+02
   7.0365259e+02
   7.0949512e+02
   7.2624463e+02
   7.0377051e+02
   7.1876099e+02
   7.2471387e+02
   7.2297754e+02
   7.1860303e+02
   7.3956836e+02
   7.1583960e+02
   7.0343774e+02
   7.4727515e+02
   7.8664331e+02
   7.9427637e+02
   7.6769019e+02
   7.7182690e+02
   7.8344678e+02
   8.3495020e+02
   8.3463965e+02
   8.2111353e+02
   8.5181177e+02
   8.5722803e+02
   8.3464038e+02
   8.5330859e+02
