   1.0925452e+02
   1.2777348e+02
   1.3024674e+02
   1.2625620e+02
   9.2282545e+01
   1.0136147e+02
   1.2946319e+02
   1.1893266e+02
   9.3328909e+01
   1.0007464e+02
   9.5723465e+01
   9.4516090e+01
   8.5972213e+01
   8.7675716e+01
   1.0748764e+02
   7.9213127e+01
   1.0005404e+02
   1.0090272e+02
   7.2745357e+01
   1.2039545e+02
   5.1580562e+01
   1.3302644e+02
   8.7707599e+01
   1.0767615e+02
   9.6235398e+01
   8.0160582e+01
   8.7321904e+01
   9.6776706e+01
   6.8169960e+01
   7.4064887e+01
   7.0750434e+01
   6.5147229e+01
   7.3633446e+01
   8.5083082e+01
   5.9393423e+01
   5.8116543e+01
   6.8132896e+01
   7.9450348e+01
   6.8381673e+01
   6.3930514e+01
   5.5624568e+01
   7.5716120e+01
   6.9812418e+01
   5.8487492e+01
   9.3835637e+01
   7.3498057e+01
   7.9800300e+01
   8.2641063e+01
   8.6682002e+01
   8.2761363e+01
   8.8667627e+01
   9.5556026e+01
   7.7798340e+01
