   4.5156224e+01
   5.1327964e+01
   6.3543934e+01
   9.4099469e+01
   5.4567751e+01
   1.1984934e+02
   6.3320011e+01
   4.8472278e+01
   5.2969894e+01
   4.1299511e+01
   4.4340045e+01
   4.1091248e+01
   4.1608820e+01
   1.2632980e+02
   6.1495032e+01
   4.4360733e+01
   6.2485881e+01
   7.4727419e+01
   5.3005648e+01
   6.9222472e+01
   6.8405002e+01
   8.0247125e+01
   9.1588716e+01
   5.6247796e+01
   5.6523137e+01
   5.4280145e+01
   8.1984897e+01
   3.3322901e+01
   9.7967307e+01
   5.5184712e+01
   8.9998451e+01
   6.3784624e+01
   8.5407651e+01
   4.0365903e+01
   5.5816239e+01
   6.7162548e+01
   4.8307789e+01
   4.0426199e+01
   3.9201565e+01
   2.8320561e+01
   5.4216120e+01
   7.6013739e+01
   3.4156995e+01
   2.5909865e+01
   2.4645017e+01
   3.4914172e+01
   3.7581139e+01
   2.2945731e+01
   2.3568048e+01
   1.8615094e+01
   1.8516383e+01
   4.1510034e+01
   1.8281616e+01
   1.6384645e+01
   1.7057627e+01
   4.5666942e+01
   3.6146208e+01
   3.7535019e+01
   4.4946729e+01
   2.9627920e+01
   2.5723556e+01
   4.0390077e+01
   2.0534963e+01
   1.8480764e+01
   5.3139322e+01
   4.3510995e+01
   3.1820696e+01
   3.9606914e+01
   1.2474363e+02
   7.9722024e+01
   1.1504611e+02
   1.1091925e+02
   6.6781603e+01
   4.9034893e+01
   5.6579536e+01
   7.6195505e+01
   7.1479015e+01
   3.8207873e+01
   4.7029730e+01
   3.9923574e+01
   9.7112278e+01
   4.4901021e+01
   5.3529602e+01
   5.1917226e+01
   5.0113589e+01
   7.4350832e+01
   1.0330969e+02
   1.3551134e+02
   1.0262084e+02
   6.4179959e+01
   8.5430649e+01
   8.9791083e+01
   6.9578917e+01
   6.2154204e+01
   6.2888243e+01
   8.4647666e+01
   7.8080835e+01
   5.6084321e+01
   7.3345036e+01
   6.5047155e+01
   6.4289614e+01
   5.6806151e+01
   5.1685491e+01
   6.2366537e+01
   9.6724789e+01
   7.4906219e+01
   6.5443194e+01
   1.0827642e+02
   6.8789271e+01
   8.2648110e+01
   8.9683259e+01
   5.0694963e+01
   5.8439069e+01
   6.9514655e+01
   6.1911455e+01
   6.9003790e+01
   5.9696298e+01
   4.6106572e+01
   6.8399074e+01
   9.2144366e+01
   4.9335532e+01
   9.6944961e+01
   8.3452030e+01
   7.5263469e+01
   4.8076153e+01
   5.4412215e+01
   5.5800734e+01
   6.8236432e+01
   5.1871801e+01
   9.7723385e+01
   6.2567846e+01
   9.1046224e+01
   4.1519700e+01
   3.1508970e+01
   1.2966208e+02
   8.8941243e+01
   4.4798639e+01
   8.2720332e+01
   6.1390014e+01
   7.1450003e+01
   5.1944378e+01
   4.5627263e+01
   4.7208608e+01
   5.4079877e+01
   3.6009346e+01
   3.9619698e+01
   3.9841873e+01
   3.6594102e+01
   1.0460142e+02
   4.3234680e+01
   4.4999147e+01
   6.8530111e+01
   3.9809485e+01
   4.8452651e+01
   2.8468954e+01
   3.0721910e+01
   2.9400986e+01
   2.3331593e+01
   2.3669012e+01
   2.7234280e+01
   5.0652938e+01
   2.3478752e+01
   6.3497675e+01
   3.6705948e+01
   3.2235741e+01
   2.7648629e+01
   5.0021368e+01
   2.4956451e+01
   2.5665175e+01
   2.6881508e+01
   2.5673380e+01
   4.0235219e+01
   7.3502205e+01
   3.8930420e+01
   3.9402117e+01
   4.5127704e+01
   6.8990365e+01
   5.9868737e+01
   3.5039629e+01
   2.8870585e+01
   2.6401427e+01
   5.0301255e+01
   3.9065543e+01
   3.2467330e+01
   1.3239759e+02
   5.6088638e+01
   3.9759159e+01
   6.2346513e+01
   4.4098450e+01
   4.8634736e+01
   4.6079792e+01
   4.6097316e+01
   3.9244943e+01
   4.3707578e+01
   6.0908781e+01
   5.8052700e+01
   4.7368146e+01
   6.6302635e+01
   1.3282941e+02
   4.0588611e+01
   6.5561214e+01
   5.0685464e+01
   7.7908307e+01
   6.9233829e+01
   5.4434610e+01
   3.3356081e+01
   4.1467388e+01
   3.2130048e+01
   5.2138029e+01
   3.3822621e+01
   2.8317841e+01
   2.7145259e+01
   1.1441643e+02
   6.3339560e+01
   7.9556035e+01
   9.6176928e+01
   5.2091680e+01
   4.7428627e+01
   5.4142316e+01
   4.5519817e+01
   4.1474198e+01
   8.1276115e+01
   8.0178298e+01
   6.5604815e+01
   1.0593541e+02
   7.8330994e+01
   5.3960637e+01
   6.6779657e+01
   7.0849587e+01
   6.9408519e+01
   2.8226196e+01
   6.1658767e+01
   5.3223739e+01
   6.4862495e+01
   4.9769264e+01
   9.1796111e+01
   6.4192958e+01
   7.1395407e+01
   7.2815991e+01
   4.6448960e+01
   4.1905110e+01
   4.4805730e+01
   1.0087272e+02
   6.4231673e+01
   7.9474756e+01
