   8.5552905e+02
   8.3458008e+02
   9.1343896e+02
   8.6764575e+02
   8.5479834e+02
   8.6590527e+02
   8.3646655e+02
   8.3382520e+02
   8.9159790e+02
   8.9882471e+02
   8.7923975e+02
   8.7695605e+02
   8.5568530e+02
   8.2918677e+02
   8.1887231e+02
   8.1713208e+02
   8.3780566e+02
   8.2212793e+02
   8.4247412e+02
   9.6284033e+02
   9.1589233e+02
   9.5041968e+02
   9.0764136e+02
   9.1414624e+02
   8.8239331e+02
   8.3196753e+02
   8.0392017e+02
   8.0728027e+02
   8.1663892e+02
   8.9055396e+02
   9.4677905e+02
   9.8915259e+02
   1.0381521e+03
   1.0579773e+03
   1.0923203e+03
   9.1575146e+02
   9.7001807e+02
   9.7203296e+02
   1.0006414e+03
   9.9118091e+02
   9.8485986e+02
   9.7656250e+02
   9.5000146e+02
   9.7293506e+02
   9.2927026e+02
   9.2087744e+02
   8.7472021e+02
   8.4076953e+02
   9.0868066e+02
   9.0791504e+02
   9.4326587e+02
   9.7494702e+02
   9.7292944e+02
   9.5918896e+02
   9.7937280e+02
   9.0629956e+02
   9.1137134e+02
   8.5866968e+02
   8.3706030e+02
   9.3437671e+02
   9.6304321e+02
   9.9382495e+02
   9.7891846e+02
   9.7644653e+02
   1.0033044e+03
   9.5687524e+02
   7.8301050e+02
   8.2659570e+02
   7.7953735e+02
   8.4576270e+02
   8.1375073e+02
   8.5988062e+02
   8.7735889e+02
   8.8157739e+02
   8.8182300e+02
   8.5802173e+02
   8.7678662e+02
   8.7992773e+02
   8.1962939e+02
   7.9865381e+02
   7.5740283e+02
   7.1507446e+02
   7.3525391e+02
   7.5147461e+02
   7.0931812e+02
   7.6897705e+02
   7.6151099e+02
   7.5868701e+02
   7.3562646e+02
   7.3783423e+02
   7.4592993e+02
   7.7620044e+02
   7.9880029e+02
   7.9764868e+02
   7.6262988e+02
   7.3211182e+02
   7.1787183e+02
   7.2860059e+02
   7.3489868e+02
   7.3800732e+02
   7.5927222e+02
   7.5920459e+02
   7.8333887e+02
   8.3074658e+02
   8.2269189e+02
   8.2203174e+02
   8.0241138e+02
   8.2084619e+02
   7.7186743e+02
   8.3523096e+02
   8.3037891e+02
   8.4084814e+02
   8.5353052e+02
   8.7230176e+02
   8.6268579e+02
   8.7121973e+02
   8.7632983e+02
   8.7872290e+02
   8.5050952e+02
   8.2465088e+02
   8.7588965e+02
   8.6933862e+02
   8.3647388e+02
   7.9437891e+02
   9.0732495e+02
   9.4748218e+02
   9.4867578e+02
   9.3421191e+02
   9.2107446e+02
   9.0400537e+02
   9.1046191e+02
   8.9908203e+02
   9.0928540e+02
   9.1965430e+02
   9.4011133e+02
   8.9482861e+02
   9.6584399e+02
   9.5000903e+02
   9.6910742e+02
   9.9347363e+02
   1.0071370e+03
   8.7976831e+02
   9.1429883e+02
   9.5279004e+02
   8.6802637e+02
   9.6052417e+02
   9.5492090e+02
   9.7639551e+02
   1.0009436e+03
   9.9883350e+02
   1.0053281e+03
   9.9770532e+02
   9.7734961e+02
   9.6874927e+02
   9.3089795e+02
   9.0542236e+02
   8.5436938e+02
   9.4280688e+02
   9.8067603e+02
   9.8510986e+02
   9.7747656e+02
   9.8381519e+02
   9.8469678e+02
   9.6143506e+02
   9.7196021e+02
   9.5472607e+02
   9.2700366e+02
   9.7794482e+02
   9.4474146e+02
   9.6939795e+02
   9.7840967e+02
   8.9748682e+02
   8.5806689e+02
   8.5931641e+02
   8.7591162e+02
   9.7378589e+02
   1.0101123e+03
   9.7052808e+02
   9.4877515e+02
   9.5672314e+02
   9.8537061e+02
   9.7956958e+02
   9.9266821e+02
   1.0379216e+03
   1.0790562e+03
   1.0656416e+03
   8.5738013e+02
   8.5324438e+02
   9.8535718e+02
   1.0191069e+03
   1.0115293e+03
   1.0468469e+03
   1.0782896e+03
   1.1378887e+03
   1.1689839e+03
   1.1773291e+03
   1.1794019e+03
   1.1801941e+03
   1.1503677e+03
   1.1794163e+03
   8.0221313e+02
   8.9932617e+02
   1.0145261e+03
   1.0981528e+03
   1.2069844e+03
   1.2062805e+03
   1.2121565e+03
   1.1691409e+03
   1.0831421e+03
   1.1708167e+03
   1.1753743e+03
   1.0919746e+03
   1.1721445e+03
   1.1281479e+03
   1.1493992e+03
   1.0697136e+03
   9.7710522e+02
   1.0134897e+03
   1.0466829e+03
   1.1287715e+03
   1.1437358e+03
   1.1032661e+03
   1.1639539e+03
   1.1992461e+03
   1.2013730e+03
   1.1769026e+03
   1.2004199e+03
   1.1192659e+03
   1.1865830e+03
   1.2305159e+03
   1.2454890e+03
   1.1418838e+03
   1.0939854e+03
   1.1830435e+03
   9.6684375e+02
   7.7972070e+02
   7.8607788e+02
   8.0546582e+02
   8.8901001e+02
   9.0088989e+02
   1.0040935e+03
   1.0365427e+03
   1.0662205e+03
   1.1327454e+03
   1.1502966e+03
   1.1148115e+03
   1.1469265e+03
   1.1952686e+03
   1.1431926e+03
   1.0373303e+03
   9.9748071e+02
   1.1908757e+03
   1.1175791e+03
   9.8973291e+02
   1.0898457e+03
   1.0487297e+03
   1.0546472e+03
   1.1206021e+03
   1.1102305e+03
   1.1216438e+03
   1.1412249e+03
   1.1236638e+03
   1.0430085e+03
   1.0414866e+03
   1.1114956e+03
   9.5377783e+02
   8.2589868e+02
