   7.6965271e+01
   9.4133485e+01
   1.0045785e+02
   9.3514044e+01
   8.4579003e+01
   7.0352112e+01
   8.8955770e+01
   7.6248567e+01
   6.3665048e+01
   4.3979422e+01
   8.1101312e+01
   6.8435145e+01
   7.5367582e+01
   7.0530348e+01
   1.0274048e+02
   7.9833400e+01
   7.8607862e+01
   6.6617617e+01
   8.6123705e+01
   8.0386596e+01
   7.7300115e+01
   1.0218612e+02
   6.3964711e+01
   8.9994426e+01
   7.2546140e+01
   9.0152895e+01
   6.2977196e+01
   6.3209453e+01
   8.1819822e+01
   7.6656483e+01
   6.5933772e+01
   7.0090330e+01
   7.9322741e+01
   1.0331482e+02
   8.7882683e+01
   1.7934911e+02
   5.6472113e+01
   9.3242725e+01
   6.2341954e+01
   7.4300408e+01
   9.6869084e+01
   5.7654213e+01
   4.5935193e+01
   8.8137088e+01
   5.9585097e+01
   7.2772609e+01
   6.5269924e+01
   6.8594208e+01
   5.4603520e+01
   4.6520358e+01
   7.6563679e+01
   6.2968961e+01
   5.8319407e+01
   4.5825021e+01
   6.9557955e+01
   1.2473139e+02
   1.2075342e+02
   7.7572250e+01
   7.1506257e+01
   4.8466369e+01
   6.3089253e+01
   6.6300904e+01
   5.8642637e+01
   5.4503541e+01
   7.6757629e+01
   1.3628572e+02
   7.3023539e+01
   8.3446497e+01
   1.0317941e+02
   1.0225992e+02
   7.9500763e+01
   7.5528831e+01
   6.6414480e+01
   6.2464582e+01
   6.2680430e+01
   6.6447069e+01
   7.9096182e+01
   7.9445801e+01
   9.2239235e+01
   6.9891133e+01
   5.0882669e+01
   4.7305497e+01
   5.1908645e+01
   6.1261527e+01
   6.0110794e+01
   6.8054058e+01
   6.3384775e+01
   5.0720409e+01
   7.1432840e+01
   5.3964884e+01
   6.4276229e+01
   8.7962319e+01
   6.2020121e+01
   4.9354187e+01
   7.6011777e+01
   6.7922096e+01
   5.7807401e+01
   7.0292667e+01
   6.7366845e+01
   6.3546527e+01
   6.6827943e+01
   5.4516359e+01
   6.7899595e+01
   5.4156962e+01
   4.7780279e+01
   5.6722033e+01
   5.5245342e+01
   4.4764872e+01
   6.3235152e+01
   5.6189413e+01
   4.7219530e+01
   5.3537684e+01
   7.7807844e+01
   6.4189378e+01
   7.3254247e+01
   5.8069337e+01
   7.0412889e+01
   5.4878244e+01
   6.1870225e+01
   5.4786567e+01
   5.6540372e+01
   8.6232164e+01
   9.8307471e+01
   6.7321462e+01
   7.0432740e+01
   6.8800294e+01
   4.7402868e+01
   6.1823444e+01
   7.0412277e+01
   4.2914595e+01
   7.6782585e+01
   6.4153050e+01
   4.6217386e+01
   6.0844630e+01
   7.1155702e+01
   6.6040839e+01
   6.2257803e+01
   5.3298328e+01
   7.8961784e+01
   8.7041176e+01
   7.1010863e+01
   1.3788197e+02
   1.1772121e+02
   5.4139501e+01
   9.6891137e+01
   9.0254211e+01
   8.5425626e+01
   7.4366106e+01
   6.9106568e+01
   8.5559708e+01
   9.7112320e+01
   8.3502351e+01
   8.4146543e+01
   7.6085113e+01
   8.7859486e+01
   1.0243176e+02
   9.3706775e+01
   6.5429249e+01
   7.2770026e+01
   7.2594302e+01
   8.1893253e+01
   7.1387637e+01
   6.3868511e+01
   7.5309606e+01
   6.2832923e+01
   7.3868224e+01
   7.3219871e+01
   7.8694618e+01
   8.6637540e+01
   6.4871277e+01
   7.9892438e+01
   1.0182641e+02
   9.3131246e+01
   6.3724564e+01
   7.6921211e+01
   1.2826519e+02
   7.4708930e+01
   8.6105751e+01
   1.0276795e+02
   8.5099431e+01
   8.1767459e+01
   8.4387113e+01
   9.9331114e+01
   9.4082233e+01
   8.1081188e+01
   8.3613974e+01
   9.0406839e+01
   7.7145294e+01
   8.8580928e+01
   1.1496974e+02
   6.6386423e+01
   6.1167468e+01
   8.5631996e+01
   1.0539146e+02
   9.1046727e+01
   8.3984745e+01
   8.3997762e+01
   6.7605598e+01
   7.2983334e+01
   1.0684625e+02
   1.0185470e+02
   1.0507812e+02
   5.4424809e+01
   8.2594702e+01
   8.0941443e+01
   1.5686944e+02
   8.5757945e+01
   7.4445469e+01
   1.5459177e+02
   1.2797343e+02
   8.5108939e+01
   1.2214754e+02
   1.3468211e+02
   1.0289741e+02
   1.0227594e+02
   1.3183585e+02
   1.1259997e+02
   1.2073866e+02
   1.0112896e+02
   2.1603006e+02
   1.0590628e+02
   1.0494156e+02
   1.0210874e+02
   1.1570659e+02
   9.1415994e+01
   8.8327878e+01
   1.1119881e+02
   1.6502100e+02
   1.2705425e+02
   2.1151288e+02
   1.4641790e+02
   1.5726941e+02
   1.5734275e+02
   1.8462328e+02
   2.3103601e+02
   6.5085267e+01
   5.7929480e+01
   1.0650228e+02
   7.2404532e+01
   7.6076154e+01
   9.8942318e+01
   5.6471607e+01
   8.0127859e+01
   1.1870308e+02
   1.4308302e+02
   1.4058491e+02
   8.0572146e+01
   1.2716755e+02
   1.1084722e+02
   8.8612859e+01
   1.5766719e+02
   1.1880339e+02
   1.0613718e+02
   9.2702054e+01
   9.8817542e+01
   8.4132203e+01
   9.7015041e+01
   8.4194674e+01
   8.0179680e+01
   6.7378738e+01
   9.0564468e+01
   5.0222883e+01
   1.7775894e+02
   9.3785268e+01
   8.3874998e+01
   1.7970355e+02
   8.8677541e+01
