   2.5595238e-01
   2.4458204e-01
   2.3493976e-01
   2.8387097e-01
   2.3355263e-01
   3.0163934e-01
   1.5878378e-01
   2.7090301e-01
   3.5051546e-01
   4.3750000e-01
   3.3757962e-01
   2.9754601e-01
   2.9391892e-01
   2.7974277e-01
   2.2903226e-01
   1.6501650e-01
   1.5705128e-01
   1.3826367e-01
   1.9607843e-01
   2.4013158e-01
   2.0779221e-01
   1.3968254e-01
   1.2058824e-01
   2.4918033e-01
   1.7741935e-01
   1.9805195e-01
   1.2804878e-01
   2.2629969e-01
   2.3197492e-01
   1.9062500e-01
   3.0312500e-01
   3.9261745e-01
   2.8343949e-01
   2.6000000e-01
   2.6729560e-01
   2.7051672e-01
   2.5360231e-01
   1.8155620e-01
   2.2424242e-01
   3.0745342e-01
   3.7620579e-01
   3.2686084e-01
   2.4169184e-01
   2.6006192e-01
   2.9141104e-01
   2.2153846e-01
   2.6250000e-01
   2.8753994e-01
   2.6623377e-01
   2.9230769e-01
   3.7272727e-01
   2.1038251e-01
   1.4133333e-01
   2.3163842e-01
   2.2543353e-01
   1.7195767e-01
   2.0498615e-01
   2.6706231e-01
   2.0241692e-01
   3.5256410e-01
   3.2802548e-01
   3.6451613e-01
   2.5538462e-01
   3.8032787e-01
   3.3647799e-01
   3.5830619e-01
   3.2686084e-01
   2.1958457e-01
   1.6129032e-01
   2.1068249e-01
   2.0294118e-01
   2.0172911e-01
   1.2857143e-01
   2.4293785e-01
   2.9819277e-01
   2.4855491e-01
   2.3564955e-01
   3.4615385e-01
   8.7071240e-02
   6.6489362e-02
   1.0334347e-01
   1.4501511e-01
   2.1472393e-01
   1.7133956e-01
   1.9365079e-01
   1.6878981e-01
   2.2857143e-01
   2.6602564e-01
   1.7846154e-01
   4.2903226e-01
   2.9392971e-01
   2.3529412e-01
   2.5490196e-01
   2.2429907e-01
   3.3227848e-01
   1.8960245e-01
   1.3230769e-01
   1.6300940e-01
   9.1988131e-02
   8.4507042e-03
   5.1051051e-02
   4.7337278e-02
   2.3880597e-02
   1.9753086e-01
   2.7826087e-01
   3.6111111e-02
   1.5902141e-01
   2.1943574e-01
   2.8164557e-01
   2.7156550e-01
   2.8434505e-01
   3.2131148e-01
   2.9042904e-01
   3.9869281e-01
   4.9000000e-01
   4.8837209e-01
   4.4666667e-01
   4.0333333e-01
   4.3624161e-01
   3.5409836e-01
   4.2715232e-01
   4.3666667e-01
   4.5033113e-01
   3.6184211e-01
   4.1319444e-01
   4.1666667e-01
   3.9655172e-01
   4.1319444e-01
   2.8387097e-01
   3.8961039e-02
   4.0247678e-02
   5.3968254e-02
   8.9456869e-02
   1.6451613e-01
   1.3333333e-01
   4.9019608e-02
   3.2154341e-03
   2.1103896e-01
   2.5838926e-01
   2.9452055e-01
   3.2441472e-01
   5.4577465e-01
   5.2650177e-01
   4.4483986e-01
   4.7517730e-01
   5.4255319e-01
   4.8754448e-01
   3.5333333e-01
   3.6544850e-01
   5.8571429e-01
   5.7857143e-01
   5.1773050e-01
   5.3763441e-01
   5.2329749e-01
   5.3928571e-01
   5.9285714e-01
   5.6382979e-01
   4.4368601e-01
   3.3333333e-01
   1.4687500e-01
   2.0257235e-01
   3.2371795e-01
   2.8719723e-01
   1.8835616e-01
   1.5946844e-01
   1.9661017e-01
   2.2866894e-01
   2.1843003e-01
   2.2372881e-01
   2.7118644e-01
   3.1861199e-01
   5.9027778e-01
   6.1130742e-01
   6.4516129e-01
   6.1428571e-01
   6.1648746e-01
   6.0507246e-01
   6.3176895e-01
   4.8620690e-01
   4.9097473e-01
   3.7417219e-01
   2.9870130e-01
   2.7457627e-01
   3.4899329e-01
   3.2666667e-01
   3.3892617e-01
   2.7090301e-01
   3.2534247e-01
   3.1849315e-01
   4.5993031e-01
   4.1901408e-01
   4.7517730e-01
   4.2605634e-01
   4.3554007e-01
   4.5890411e-01
   3.6271186e-01
   4.0863787e-01
   4.7569444e-01
   4.1095890e-01
   4.2033898e-01
   2.3417722e-01
   5.7142857e-02
   2.7134146e-01
   3.2507740e-01
   1.2500000e-01
   1.3452915e-02
   6.0240964e-03
   1.1494253e-02
   4.8661800e-02
   1.8390805e-02
   5.0761421e-03
   1.8134715e-02
   7.0652174e-02
   5.6910569e-02
   8.8642659e-02
   7.4742268e-02
   7.0886076e-02
   8.4010840e-02
   1.5954416e-01
   1.5877437e-01
   1.8584071e-01
   1.8461538e-01
   2.6415094e-01
   3.0721003e-01
   1.0298103e-01
   1.7428571e-01
   2.3511905e-01
   2.9841270e-01
   1.3259669e-01
   1.1267606e-01
   1.3521127e-01
   1.3550136e-01
   7.8740157e-02
   6.7357513e-02
   1.1716621e-01
   1.0638298e-01
   7.0129870e-02
   1.2365591e-01
   1.1140584e-01
   8.4210526e-02
   9.2348285e-02
   1.8487395e-01
   2.2647059e-01
   1.9047619e-01
   8.5635359e-02
   1.7492711e-01
   2.5368732e-01
   3.4242424e-01
   2.0512821e-01
   1.8820225e-01
   1.7994100e-01
   1.8827160e-01
   1.4414414e-01
   1.4117647e-01
   6.4766839e-02
   2.3364486e-03
   1.4084507e-02
   0.0000000e+00
   2.1897810e-02
   1.0000000e-02
   3.7500000e-02
   2.3866348e-02
   9.8280098e-03
   4.6272494e-02
   3.9682540e-02
   1.8087855e-02
   4.4619423e-02
   9.6858639e-02
   8.3333333e-02
   3.5519126e-02
   3.0470914e-02
   6.1797753e-02
   9.5505618e-02
   4.5662100e-02
   4.8593350e-02
   9.8143236e-02
   1.7045455e-01
   2.1965318e-01
   1.9819820e-01
   2.0120120e-01
   2.2121212e-01
   1.9571865e-01
   2.2153846e-01
   2.2222222e-01
   1.7261905e-01
   1.4845938e-01
   1.3687151e-01
