   4.2549761e-02
   4.2347194e-02
   4.2349094e-02
   5.1992338e-02
   4.3747932e-02
   4.5615463e-02
   3.6910776e-02
   4.2884304e-02
   4.6502005e-02
   5.4756595e-02
   5.2488579e-02
   1.0180357e-01
   4.5503675e-02
   4.5662258e-02
   6.0024216e-02
   3.5931683e-02
   3.6801355e-02
   3.4574957e-02
   3.8135337e-02
   4.1512205e-02
   4.0864164e-02
   3.5036262e-02
   4.2645322e-02
   6.1826728e-02
   3.8063572e-02
   3.8572583e-02
   3.5448692e-02
   5.6216516e-02
   4.1227141e-02
   3.7273776e-02
   6.8789966e-02
   5.6869508e-02
   6.7892994e-02
   4.3947924e-02
   4.3987491e-02
   5.7565900e-02
   4.3790272e-02
   4.3794648e-02
   4.0834218e-02
   4.5497184e-02
   4.8722787e-02
   4.7956156e-02
   4.3164129e-02
   4.3313245e-02
   4.4831313e-02
   4.2318827e-02
   4.1177057e-02
   4.2896487e-02
   4.3295646e-02
   4.4436333e-02
   6.6921075e-02
   4.0382563e-02
   3.4586703e-02
   3.9258163e-02
   4.0141765e-02
   3.8131040e-02
   4.1101388e-02
   5.0082899e-02
   3.9154045e-02
   4.8681461e-02
   4.9859324e-02
   5.1656558e-02
   5.9237592e-02
   5.2506455e-02
   5.5717956e-02
   4.9491387e-02
   4.7007987e-02
   4.1658425e-02
   3.7499365e-02
   4.1134036e-02
   4.0237969e-02
   4.9809262e-02
   3.3435311e-02
   4.7095527e-02
   4.4226484e-02
   5.1924495e-02
   4.2046227e-02
   4.5830502e-02
   3.0833197e-02
   2.5478871e-02
   3.3383650e-02
   3.5540114e-02
   3.9037657e-02
   3.7452982e-02
   3.8178985e-02
   3.7602471e-02
   4.0028482e-02
   4.1896622e-02
   3.7021657e-02
   5.1879668e-02
   4.6007466e-02
   4.0563917e-02
   4.1440366e-02
   4.0604544e-02
   4.5010582e-02
   3.9675904e-02
   3.4099312e-02
   3.5959748e-02
   3.0365723e-02
   1.9963135e-02
   2.6833543e-02
   2.6979556e-02
   2.4139767e-02
   4.3365242e-01
   4.4177704e-02
   2.3563508e-02
   3.6068445e-02
   4.0321552e-02
   4.4413014e-02
   4.5274985e-02
   4.4781507e-02
   4.7188183e-02
   4.6120806e-02
   5.2817419e-02
   5.9764036e-02
   5.8877823e-02
   5.4708257e-02
   5.3438126e-02
   5.3934462e-02
   5.2881928e-02
   5.4566686e-02
   5.6311662e-02
   5.8043772e-02
   5.1341830e-02
   5.2468211e-02
   5.3412636e-02
   5.2012963e-02
   5.3309435e-02
   4.2160867e-02
   2.4533306e-02
   2.4169295e-02
   2.5748170e-02
   2.9755661e-02
   3.5484572e-02
   3.3594692e-02
   2.6953846e-02
   2.2597200e-02
   3.9245316e-02
   4.1464265e-02
   4.7075428e-02
   5.1699996e-02
   6.4350630e-02
   6.1032546e-02
   5.7546948e-02
   5.8484131e-02
   6.1415196e-02
   8.5487778e-02
   5.4039245e-02
   5.1887689e-02
   7.0551678e-02
   6.9940459e-02
   6.6826917e-02
   6.2927733e-02
   6.4056874e-02
   6.3930934e-02
   6.8119354e-02
   6.3523520e-02
   5.9550936e-02
   4.7517895e-02
   3.5801362e-02
   3.8496001e-02
   5.0603220e-02
   4.4038203e-02
   3.8878058e-02
   3.6208789e-02
   3.7193767e-02
   3.9544462e-02
   4.0024097e-02
   3.9391344e-02
   4.2757852e-02
   5.2578348e-02
   7.1989920e-02
   7.3469784e-02
   8.1871041e-02
   7.5979250e-02
   8.3599425e-02
   9.5861993e-02
   7.8447481e-02
   6.7929375e-02
   6.4533623e-02
   5.0289724e-02
   4.5024957e-02
   5.2822344e-02
   5.1488026e-02
   4.9269429e-02
   4.7825922e-02
   4.3679281e-02
   4.6075690e-02
   4.9047747e-02
   5.6608996e-02
   5.5041790e-02
   5.9431079e-02
   5.5845738e-02
   5.5131613e-02
   5.7205021e-02
   5.2328849e-02
   5.6438806e-02
   6.0523985e-02
   5.2290711e-02
   5.3879495e-02
   4.4034365e-02
   2.6251639e-02
   4.4238441e-02
   4.7113590e-02
   3.4512871e-02
   1.6337527e-02
   1.2448609e-02
   1.9579429e-02
   2.4081623e-02
   4.8881842e-02
   1.9436151e-02
   2.2585015e-02
   2.8041700e-02
   2.7697945e-02
   3.0382419e-02
   5.7589867e-02
   4.3264743e-02
   3.0353161e-02
   3.6876749e-02
   3.7353539e-02
   4.1050584e-02
   3.8380885e-02
   4.2445377e-02
   4.4269834e-02
   3.8016542e-02
   3.6737408e-02
   4.0669509e-02
   4.3367825e-02
   3.3573659e-02
   3.3035363e-02
   3.5690177e-02
   3.3571951e-02
   2.9706305e-02
   2.7674224e-02
   3.3184235e-02
   3.1197680e-02
   2.7627062e-02
   3.4509349e-02
   3.1493084e-02
   3.0574327e-02
   3.0374488e-02
   3.7685452e-02
   4.4369173e-02
   4.8175944e-02
   3.2068513e-02
   3.6727505e-02
   4.1339875e-02
   4.5659610e-02
   3.8787940e-02
   3.8848886e-02
   3.7664526e-02
   3.8733937e-02
   3.6552402e-02
   3.5593704e-02
   2.6557592e-02
   1.9238360e-02
   2.0462091e-02
   1.8295565e-02
   2.2133305e-02
   2.1333307e-02
   2.5672992e-02
   2.3085862e-02
   1.8818936e-02
   2.5577897e-02
   4.9910184e-02
   2.4401730e-02
   2.6070015e-02
   3.0424570e-02
   5.7753946e-02
   2.5457293e-02
   2.5958042e-02
   2.7899046e-02
   3.0971036e-02
   2.4274355e-02
   2.6973606e-02
   3.0464094e-02
   3.5993252e-02
   3.8941894e-02
   3.8398574e-02
   3.8074449e-02
   3.9921021e-02
   3.9596126e-02
   3.9545845e-02
   3.9380778e-02
   3.7039594e-02
   3.6144900e-02
   3.5192567e-02
