   5.2733581e+01
   2.4829337e+01
   1.6065201e+01
   3.6735132e+01
   4.8841539e+01
   4.4203456e+01
   7.0995531e+01
   1.7938945e+01
   2.9122927e+01
   5.2327501e+01
   3.2114021e+01
   6.0215213e+01
   3.4177475e+01
   5.3178875e+01
   3.5888210e+01
   1.8426593e+01
   1.5640221e+01
   2.6504253e+01
   3.3419649e+01
   2.5037789e+01
   2.4924912e+01
   3.7157032e+01
   5.2903523e+01
   2.1727217e+01
   2.5835741e+01
   3.3887276e+01
   2.3961842e+01
   3.6891752e+01
   4.4471153e+01
   5.1363922e+01
   5.3383507e+01
   2.3076877e+01
   6.4599835e+01
   4.8554416e+01
   4.8246277e+01
   5.4682759e+01
   2.9490437e+01
   3.4390025e+01
   2.9117350e+01
   2.9227796e+01
   4.3217132e+01
   4.2905483e+01
   2.5727602e+01
   2.3816065e+01
   3.7530927e+01
   3.6004671e+01
   8.0597963e+01
   7.8554065e+01
   4.1330650e+01
   3.4286979e+01
   2.8016087e+01
   3.1893624e+01
   3.7012033e+01
   3.3869080e+01
   3.5467702e+01
   3.6349615e+01
   3.8244520e+01
   3.4634487e+01
   4.3452321e+01
   6.3039417e+01
   6.2597604e+01
   2.0924154e+01
   1.7559460e+01
   1.8274632e+01
   5.9067825e+01
   5.1135534e+01
   2.5945912e+01
   4.1576489e+01
   2.4039546e+01
   3.8202383e+01
   2.8306701e+01
   5.0111615e+01
   4.2364461e+01
   6.3920388e+01
   3.2786361e+01
   2.5167503e+01
   1.9965888e+01
   2.5957878e+01
   2.3092078e+01
   1.9263674e+01
   2.2592632e+01
   4.7997166e+01
   7.1569221e+01
   4.6231421e+01
   2.9344345e+01
   3.0517700e+01
   3.9121712e+01
   4.8676555e+01
   3.8490100e+01
   5.7594910e+01
   2.9088314e+01
   3.7956102e+01
   5.1674656e+01
   5.8951315e+01
   4.1201270e+01
   5.0407485e+01
   4.9231326e+01
   5.8747636e+01
   4.9664093e+01
   3.6436284e+01
   6.6638876e+01
   4.7447780e+01
   7.1875808e+01
   4.1808333e+01
   4.5326469e+01
   3.0132755e+01
   7.1626459e+01
   5.8822299e+01
   6.4755043e+01
   5.0821221e+01
   8.0958804e+01
   2.8677598e+01
   7.2572052e+01
   4.7986401e+01
   4.8006751e+01
   6.6714880e+01
   5.4825315e+01
   4.2393001e+01
   8.2507477e+01
   5.0380441e+01
   4.9936561e+01
   6.5660394e+01
   4.1751819e+01
   5.8876906e+01
   8.4615673e+01
   6.6409894e+01
   4.2907607e+01
   3.1312847e+01
   8.9844424e+01
   9.2213030e+01
   6.4373365e+01
   1.2672559e+02
   4.2463193e+01
   5.4113247e+01
   4.5042990e+01
   4.5154051e+01
   8.1663263e+01
   6.9921603e+01
   8.4590340e+01
   7.4110831e+01
   6.0849601e+01
   1.1970562e+02
   1.0610112e+02
