   1.8926554e-01
   1.1796247e-01
   1.1294766e-01
   9.9236641e-02
   1.0734463e-01
   1.2146893e-01
   1.6430595e-01
   2.2254335e-01
   2.7635328e-01
   1.6949153e-01
   1.6208791e-01
   1.0192837e-01
   1.5094340e-01
   1.0389610e-01
   8.0939948e-02
   1.3227513e-01
   1.5718157e-01
   4.5918367e-02
   3.6496350e-02
   6.4676617e-02
   6.9053708e-02
   3.0136986e-02
   1.0795455e-01
   1.4814815e-01
   1.3031161e-01
   1.5517241e-01
   6.7982456e-02
   1.3281250e-01
   1.3297872e-01
   1.6442049e-01
   1.7724868e-01
   1.8867925e-01
   1.5561960e-01
   9.7982709e-02
   1.4202899e-01
   1.5634218e-01
   2.0285714e-01
   1.1813187e-01
   1.8904110e-01
   1.8678161e-01
   2.0754717e-01
   2.1910112e-01
   2.0630372e-01
   2.6136364e-01
   2.3728814e-01
   2.0000000e-01
   1.9834711e-01
   1.6991643e-01
   1.0899183e-01
   8.0862534e-02
   6.9587629e-02
   6.8354430e-02
   5.6410256e-02
   5.7213930e-02
   1.1369509e-01
   1.2753623e-01
   2.3723724e-01
   2.1739130e-01
   2.5075529e-01
   2.6843658e-01
   2.5076453e-01
   2.8115942e-01
   2.6099707e-01
   3.8390093e-01
   2.8834356e-01
   2.7741935e-01
   3.0283912e-01
   2.3493976e-01
   2.0527859e-01
   2.0121951e-01
   2.2492401e-01
   2.3664122e-01
   1.2032086e-01
   2.1474359e-01
   1.6233766e-01
   1.5835777e-01
   1.5659341e-01
   1.6434540e-01
   1.4080460e-01
   2.3008850e-01
   2.1194030e-01
   2.4545455e-01
   1.6167665e-01
   1.1077844e-01
   1.2500000e-01
   1.2349398e-01
   1.6568047e-01
   7.7809798e-02
   5.0898204e-02
   4.6012270e-02
   7.8549849e-02
   9.6676737e-02
   1.0404624e-01
   1.2753623e-01
   1.5568862e-01
   1.3934426e-01
   1.2716763e-01
   1.4662757e-01
   1.3256484e-01
   1.1730205e-01
   8.5106383e-02
   1.1044776e-01
   1.3235294e-01
   1.1046512e-01
   1.7647059e-01
   1.1834320e-01
   2.8409091e-02
   2.5423729e-02
   3.3707865e-02
   7.1216617e-02
   5.4285714e-02
   1.2605042e-01
   1.3888889e-01
   4.1176471e-02
   3.0534351e-02
   1.0263158e-01
   1.7142857e-01
   1.7684887e-01
   1.9281046e-01
   2.5412541e-01
   2.8947368e-01
   2.9934211e-01
   2.2950820e-01
   1.3707165e-01
   1.8627451e-01
   2.0598007e-01
   1.7105263e-01
   1.4968153e-01
   1.2732919e-01
   6.7647059e-02
   7.0621469e-02
   1.3276836e-01
   1.5160350e-01
   1.5942029e-01
   1.1351351e-01
   1.2569832e-01
   9.4285714e-02
   5.5096419e-02
   3.0470914e-02
   1.8817204e-02
   5.3619303e-03
   1.6000000e-02
   4.4077135e-02
   2.4193548e-02
   3.0136986e-02
   6.1170213e-02
   2.4657534e-02
   7.6923077e-02
   5.1428571e-02
   4.9861496e-02
   1.1294766e-01
   5.8988764e-02
   5.5096419e-02
   4.3956044e-02
   2.7027027e-02
   1.5957447e-02
   1.3227513e-02
   1.0869565e-02
   5.8659218e-02
   3.7249284e-02
   4.2492918e-02
   5.0420168e-02
   3.9215686e-02
   3.5443038e-02
   6.2500000e-02
   5.9895833e-02
   5.4347826e-02
   3.6553525e-02
   7.5675676e-02
   9.0673575e-02
   5.7071960e-02
   4.4665012e-02
   6.0453401e-02
   6.5274151e-02
   2.9333333e-02
   2.1164021e-02
   1.6085791e-02
   2.1220159e-02
   2.6881720e-02
   1.7369727e-02
   6.0109290e-02
   6.9637883e-02
   6.4425770e-02
   9.4017094e-02
   5.0991501e-02
   7.4712644e-02
   7.3369565e-02
   1.4492754e-02
   2.3316062e-02
   3.4946237e-02
   3.1830239e-02
   4.9868766e-02
   1.4218009e-02
   4.0767386e-02
   3.7220844e-02
   8.6075949e-02
   9.9489796e-02
   4.0000000e-02
   6.4197531e-02
   5.9125964e-02
   5.5696203e-02
   6.1224490e-02
   6.8601583e-02
   6.9053708e-02
   9.7938144e-02
   8.5492228e-02
   5.2109181e-02
   7.8703704e-02
   3.1963470e-02
   5.0359712e-02
   6.2814070e-02
   3.3492823e-02
   7.4074074e-03
   3.0000000e-02
   3.3163265e-02
   6.4039409e-02
   7.4340528e-02
   4.0669856e-02
   5.1470588e-02
   3.9719626e-02
   2.2675737e-02
   3.0444965e-02
   2.7972028e-02
   2.0785219e-02
   8.6956522e-03
   3.3860045e-02
   8.5106383e-03
   2.1645022e-02
   2.1231423e-02
   2.6490066e-02
   1.3245033e-02
   4.3763676e-03
   8.5106383e-03
   2.7459954e-02
   2.3529412e-02
   3.3412888e-02
   5.1724138e-02
   8.5000000e-02
   9.1133005e-02
   5.7416268e-02
   2.7522936e-02
   1.9464720e-02
   3.1941032e-02
   4.2154567e-02
   4.8780488e-02
   1.5503876e-02
   2.1052632e-02
   4.8426150e-02
   4.7500000e-02
   1.1825193e-01
   6.8062827e-02
   5.8974359e-02
   1.1508951e-01
   4.3373494e-02
   6.5075922e-03
   6.2240664e-03
   8.4566596e-03
   8.8691796e-03
   2.0454545e-02
   8.6580087e-03
   6.5075922e-03
   3.5164835e-02
   4.3859649e-03
   6.5359477e-03
   2.2675737e-02
   1.8518519e-02
   9.7087379e-03
   2.3529412e-02
   2.4271845e-02
   2.7459954e-02
   5.1597052e-02
   4.5226131e-02
   2.7500000e-02
   7.6142132e-03
   1.7676768e-02
   3.1250000e-02
   3.8860104e-02
   3.0150754e-02
   4.6116505e-02
   1.1688312e-01
   3.8834951e-02
   3.2994924e-02
   3.9267016e-02
   4.6272494e-02
   8.7855297e-02
   7.3684211e-02
   7.6517150e-02
