   3.6688489e-02
   3.2238638e-02
   3.3845541e-02
   4.6345725e-02
   3.2293149e-02
   3.4250861e-02
   3.6206326e-02
   5.6574035e-02
   4.6626265e-02
   3.6115751e-02
   3.4689438e-02
   4.8084092e-02
   3.3401180e-02
   4.3200018e-02
   2.9130301e-02
   3.4459354e-02
   3.6208707e-02
   2.5819527e-02
   2.5414759e-02
   5.3230841e-02
   5.1571196e-02
   2.6334102e-02
   3.3297258e-02
   3.6367975e-02
   3.3777895e-02
   3.4458663e-02
   3.4502542e-02
   5.2110834e-02
   3.2704146e-02
   3.6291126e-02
   4.0372308e-02
   3.7221780e-02
   3.7157310e-02
   3.3365412e-02
   3.5870096e-02
   3.6795096e-02
   3.8425587e-02
   3.3747161e-02
   3.8795601e-02
   3.8278847e-02
   3.8019005e-02
   4.0588023e-02
   3.8669787e-02
   4.2786169e-02
   6.7515723e-02
   3.7850484e-02
   3.9011512e-02
   3.6190574e-02
   3.3066154e-02
   3.2074417e-02
   2.8372704e-02
   2.8962612e-02
   2.8677339e-02
   2.8730607e-02
   3.2056515e-02
   3.4240666e-02
   5.8210243e-02
   4.0326098e-02
   4.2144515e-02
   4.3185168e-02
   4.2023803e-02
   4.6065297e-02
   4.2738412e-02
   4.9845209e-02
   4.5388710e-02
   4.6541345e-02
   4.5891038e-02
   5.2944561e-02
   4.0814508e-02
   3.9800570e-02
   4.1224237e-02
   5.5510446e-02
   3.4049822e-02
   4.4248932e-02
   3.9816177e-02
   5.0226554e-02
   3.6321822e-02
   3.9421089e-02
   3.5539762e-02
   4.0504051e-02
   3.8865094e-02
   4.0044634e-02
   3.7048237e-02
   3.4605346e-02
   3.4889920e-02
   3.4273879e-02
   3.5617337e-02
   3.0378401e-02
   2.8983270e-02
   2.8536114e-02
   3.1048593e-02
   3.2913234e-02
   3.2927228e-02
   3.4875763e-02
   3.6874484e-02
   3.4356616e-02
   3.4552925e-02
   3.6469125e-02
   3.3414996e-02
   3.4715095e-02
   3.1237691e-02
   3.3776261e-02
   3.3526811e-02
   3.4333225e-02
   3.7227362e-02
   3.4546770e-02
   2.6743893e-02
   2.7474076e-02
   2.6686644e-02
   2.9943617e-02
   2.8682598e-02
   3.5472086e-02
   4.5111067e-02
   2.7196832e-02
   4.6758473e-01
   3.2375632e-02
   3.7179189e-02
   3.6503402e-02
   3.6892309e-02
   4.1827952e-02
   4.3565551e-02
   6.8485976e-02
   4.0750862e-02
   3.4443507e-02
   3.6546282e-02
   3.9440607e-02
   3.7234366e-02
   3.6538044e-02
   3.3407934e-02
   3.0984769e-02
   2.9175584e-02
   4.1602267e-02
   3.5243592e-02
   4.9442867e-02
   3.8337548e-02
   4.8389222e-02
   3.2115150e-02
   2.7740335e-02
   2.4940039e-02
   2.2358756e-02
   1.9516749e-02
   2.3049338e-02
   2.6345710e-02
   2.4118547e-02
   2.4730548e-02
   2.6476153e-02
   2.5916251e-02
   4.1893114e-02
   2.7637294e-02
   2.8347761e-02
   3.6655571e-02
   2.6170626e-02
   2.6815049e-02
   2.7981352e-02
   2.5640182e-02
   2.3186111e-02
   2.3899536e-02
   2.3457177e-02
   2.7951874e-02
   2.6304150e-02
   2.6297169e-02
   2.7695271e-02
   2.3930096e-02
   2.5082043e-02
   4.2179675e-02
   2.8397660e-02
   2.7903171e-02
   2.5557747e-02
   3.7523722e-02
   3.2112376e-02
   2.8037417e-02
   2.7209052e-02
   2.8503612e-02
   2.9005401e-02
   2.6551233e-02
   2.4446140e-02
   2.4275949e-02
   2.4174762e-02
   2.4435179e-02
   4.3420361e-01
   2.7843581e-02
   2.8765840e-02
   2.9114042e-02
   3.1443161e-02
   2.7728959e-02
   3.0037524e-02
   2.9384261e-02
   2.1954773e-02
   2.3523277e-02
   2.5912435e-02
   2.5700117e-02
   3.4334200e-02
   2.1643328e-02
   2.5858775e-02
   2.4641600e-02
   3.9273111e-02
   4.6869745e-02
   2.6153394e-02
   2.7326015e-02
   2.9234316e-02
   2.8504319e-02
   2.6820406e-02
   3.0306700e-02
   2.9128650e-02
   3.1401294e-02
   3.0972368e-02
   2.7484983e-02
   6.9055768e-02
   2.4411241e-02
   4.8802224e-02
   4.4363392e-02
   2.6352415e-02
   2.1098359e-02
   2.3032911e-02
   2.6024223e-02
   3.0104457e-02
   2.8781364e-02
   2.5645774e-02
   2.7594268e-02
   2.6627624e-02
   2.2273246e-02
   2.3715478e-02
   2.4330236e-02
   2.2879542e-02
   1.9871161e-02
   3.5233661e-02
   1.9537961e-02
   4.4535263e-02
   4.8657322e-02
   4.5068283e-02
   2.1268389e-02
   2.1277576e-02
   1.9126566e-02
   2.4079483e-02
   2.4830200e-02
   2.6144860e-02
   2.7862965e-02
   3.7290984e-02
   3.0758474e-02
   2.7300779e-02
   3.2625270e-02
   2.3452079e-02
   2.6066773e-02
   2.5119900e-02
   5.0477344e-02
   2.4352599e-02
   2.5568638e-02
   2.5657693e-02
   2.7749369e-02
   4.0438248e-02
   2.9289626e-02
   2.9367695e-02
   3.8400234e-02
   5.0820236e-02
   1.9364189e-02
   1.5135899e-02
   2.0403540e-02
   1.9720104e-02
   2.2508079e-02
   1.8896792e-02
   1.7706329e-02
   3.1540903e-02
   1.9160335e-02
   1.9309034e-02
   4.9805813e-02
   2.2372995e-02
   2.1940951e-02
   2.3371929e-02
   2.3487603e-02
   2.1508340e-02
   2.7460984e-02
   2.6365473e-02
   2.3478501e-02
   2.3151729e-02
   2.3804496e-02
   2.6620892e-02
   2.6968462e-02
   2.4264663e-02
   2.5783452e-02
   3.2681422e-02
   2.3147375e-02
   2.5402796e-02
   2.7480598e-02
   2.8446360e-02
   2.9974839e-02
   2.9270292e-02
   3.0498713e-02
