   7.0921986e-02
   4.4303797e-02
   2.2026432e-02
   1.6632017e-02
   5.5555556e-02
   6.5075922e-03
   0.0000000e+00
   8.9686099e-03
   1.4669927e-02
   2.1786492e-02
   6.5891473e-02
   0.0000000e+00
   2.0366599e-03
   0.0000000e+00
   6.6518847e-03
   2.1929825e-03
   1.2987013e-02
   1.6666667e-02
   3.9920160e-03
   1.3725490e-02
   0.0000000e+00
   3.9138943e-03
   3.2719836e-02
   2.1097046e-03
   2.5462963e-02
   1.2448133e-02
   2.3706897e-02
   6.3025210e-03
   6.5934066e-03
   3.0303030e-02
   1.9370460e-02
   7.1258907e-03
   1.5503876e-02
   3.0927835e-02
   2.4691358e-02
   7.5757576e-03
   1.7156863e-02
   2.7918782e-02
   7.0422535e-03
   4.5045045e-03
   6.6371681e-03
   7.1090047e-03
   4.0476190e-02
   1.5228426e-02
   1.6279070e-02
   2.1551724e-03
   3.1872510e-02
   2.3364486e-02
   2.5316456e-02
   2.7777778e-02
   3.9062500e-02
   6.5789474e-02
   4.4811321e-02
   8.6393089e-03
   3.5629454e-02
   4.5112782e-02
   2.0100503e-02
   3.7783375e-02
   4.9261084e-02
   4.5340050e-02
   4.9140049e-02
   5.7742782e-02
   6.6666667e-02
   6.0301508e-02
   2.2613065e-02
   9.0909091e-02
   6.5060241e-02
   4.0449438e-02
   1.0169492e-01
   8.1841432e-02
   5.4245283e-02
   3.8901602e-02
   7.8048780e-02
   6.0759494e-02
   2.1634615e-02
   7.4074074e-02
   7.6530612e-02
   4.1769042e-02
   3.3898305e-02
   4.2079208e-02
   3.2418953e-02
   4.2105263e-02
   8.6075949e-02
   5.4054054e-02
   3.8860104e-02
   3.9702233e-02
   3.4802784e-02
   7.4550129e-02
   4.2959427e-02
   6.2814070e-02
   4.2857143e-02
   2.5943396e-02
   6.0150376e-02
   3.9603960e-02
   3.2338308e-02
   2.9925187e-02
   8.9485459e-03
   5.7142857e-02
   3.1100478e-02
   6.5217391e-02
   6.2500000e-02
   5.8411215e-02
   9.5717884e-02
   9.7435897e-02
   5.4973822e-02
   4.9608355e-02
   4.7961631e-02
   3.6951501e-02
   2.5462963e-02
   2.9055690e-02
   9.6852300e-03
   4.6116505e-02
   4.0000000e-02
   8.5790885e-02
   3.9702233e-02
   3.6781609e-02
   7.5117371e-02
   2.8497409e-02
   1.5000000e-02
   1.7543860e-02
   7.0093458e-03
   4.3103448e-03
   1.8518519e-02
   3.6866359e-02
   3.8647343e-02
   1.8957346e-02
   1.4388489e-02
   8.1730769e-02
   2.3872679e-01
   3.1351351e-01
   3.3611111e-01
   3.5694051e-01
   2.9649596e-01
   2.1925134e-01
   2.8871391e-01
   2.4681934e-01
   2.4009901e-01
   1.1032864e-01
   7.3563218e-02
   4.3181818e-02
   4.4052863e-03
   0.0000000e+00
   6.3559322e-03
   4.2826552e-03
   5.2980132e-02
   0.0000000e+00
   0.0000000e+00
   2.1834061e-03
   0.0000000e+00
   0.0000000e+00
   0.0000000e+00
   6.0483871e-03
   7.5342466e-02
   1.3381995e-01
   1.3151365e-01
   1.1055276e-01
   3.7593985e-02
   4.7029703e-02
   1.9753086e-02
   1.7884131e-01
   9.3750000e-02
   2.8350515e-02
   8.8516746e-02
   1.1611374e-01
   1.5533981e-01
   1.6389549e-01
   1.2422360e-02
   1.3215859e-02
   2.9411765e-02
   6.3829787e-03
   4.4444444e-03
   1.6990291e-02
   1.5730337e-02
   3.5532995e-02
   5.0890585e-02
   3.8167939e-02
   6.4102564e-02
   6.9230769e-02
   7.2351421e-02
   1.0123457e-01
   1.1780822e-01
   1.3793103e-01
   1.8658892e-01
   2.0903955e-01
   2.8279883e-01
   6.7385445e-02
   2.9411765e-02
   6.6137566e-02
   1.0752688e-01
   5.9431525e-02
   5.7894737e-02
   9.3333333e-02
   1.3941019e-01
   1.3661202e-01
   7.6315789e-02
   2.0565553e-02
   7.5566751e-03
   1.4851485e-02
   4.6341463e-02
   2.4038462e-03
   2.4449878e-03
   1.2315271e-02
   0.0000000e+00
   1.4211886e-01
   1.7232376e-01
   1.0400000e-01
   6.4432990e-02
   4.6272494e-02
   2.3255814e-02
   1.8276762e-02
   6.2337662e-02
   3.5532995e-02
   5.0251256e-03
   3.0226700e-02
   2.2613065e-02
   1.8498660e-01
   7.1618037e-02
   9.3264249e-02
   7.0680628e-02
   4.6875000e-02
   3.1168831e-02
   1.8434343e-01
   2.7823691e-01
   2.2651934e-01
   6.3660477e-02
   2.0356234e-02
   1.1749347e-01
   3.5675676e-01
   2.6074499e-01
   1.9308357e-01
   1.2784091e-01
   2.2471910e-01
   1.6022099e-01
   1.0803324e-01
   1.0789474e-01
   2.7154047e-01
   2.3224044e-01
   4.7244094e-02
   7.3107050e-02
   9.8734177e-02
   1.8781726e-01
   1.9525066e-01
   3.4836066e-02
   3.1111111e-02
   2.1739130e-03
   4.2918455e-03
   0.0000000e+00
   2.1359223e-02
   8.1439394e-02
   3.4798535e-02
   3.0249110e-02
   2.1276596e-02
   1.8281536e-03
   1.4492754e-02
   2.5000000e-02
   3.4274194e-02
   2.7079304e-02
