   8.1439690e-02
   6.4476110e-02
   5.2337940e-02
   4.6910850e-02
   6.2841900e-02
   1.5921922e-02
   1.5791310e-02
   4.9580573e-02
   2.1401277e-02
   3.4813384e-02
   6.8979873e-02
   1.2799848e-02
   1.3931678e-02
   1.5148241e-02
   1.6503578e-02
   1.4676034e-02
   1.7032437e-02
   1.7874854e-02
   1.3286419e-02
   1.3723531e-02
   1.0251848e-02
   1.4354950e-02
   2.5607546e-02
   1.4334020e-02
   2.5043573e-02
   2.1071603e-02
   2.4496305e-02
   1.9282617e-02
   2.2181073e-02
   2.7276064e-02
   2.1032317e-02
   1.7412625e-02
   2.1260899e-02
   2.5031938e-02
   2.1173767e-02
   2.0447827e-02
   2.0733072e-02
   2.2136001e-02
   1.8426163e-02
   1.7533815e-02
   1.7095968e-02
   2.0487541e-02
   2.2783766e-02
   2.1631489e-02
   2.0849460e-02
   1.4975915e-02
   2.3779029e-02
   2.2508254e-02
   2.3317077e-02
   2.2655635e-02
   2.7161218e-02
   2.7115154e-02
   2.5726015e-02
   1.8504042e-02
   2.5157981e-02
   2.5847781e-02
   2.2129359e-02
   2.4685988e-02
   2.6640602e-02
   2.7076113e-02
   2.6778599e-02
   2.7655881e-02
   2.8410874e-02
   2.7385761e-02
   2.4285622e-02
   3.8639750e-02
   2.8488171e-02
   3.4768577e-02
   3.3314482e-02
   2.8289877e-02
   2.7149004e-02
   2.4123158e-02
   7.4600922e-02
   3.0219869e-02
   2.2737158e-02
   2.9779436e-02
   2.8655590e-02
   2.5663768e-02
   2.2844617e-02
   2.6464201e-02
   2.2695699e-02
   2.7189975e-02
   3.1757068e-02
   2.7331152e-02
   2.6637511e-02
   2.5217712e-02
   2.3864953e-02
   2.9266878e-02
   2.5114297e-02
   2.5705327e-02
   2.5970175e-02
   2.3139752e-02
   2.8738864e-02
   2.6452928e-02
   2.5445972e-02
   2.4103631e-02
   1.9072568e-02
   2.5874928e-02
   2.2770700e-02
   3.0278857e-02
   3.4555846e-02
   2.7626937e-02
   3.4335909e-02
   3.2952297e-02
   2.6710196e-02
   2.7322081e-02
   2.6441102e-02
   2.2189817e-02
   2.2423584e-02
   2.2334460e-02
   2.0364713e-02
   2.5080598e-02
   2.2352786e-02
   3.0504120e-02
   2.3191564e-02
   4.7565249e-02
   2.7679801e-02
   2.5625896e-02
   2.0577779e-02
   2.3827545e-02
   1.8662835e-02
   1.5775226e-02
   2.3776047e-02
   2.6423527e-02
   2.4716313e-02
   2.0856540e-02
   2.0919969e-02
   3.5184336e-02
   5.4202000e-02
   6.2442060e-02
   5.8612380e-02
   7.2221155e-02
   5.9341944e-02
   4.9543073e-02
   6.2589778e-02
   5.7715411e-02
   5.7330788e-02
   4.8425176e-02
   2.9640994e-02
   2.6671316e-02
   1.4728527e-02
   1.1386499e-02
   2.3765049e-02
   1.3713261e-02
   2.4267003e-02
   1.4430468e-02
   1.2249333e-02
   1.2754826e-02
   1.1516726e-02
   1.1812772e-02
   1.1248497e-02
   1.5704299e-02
   3.1350318e-02
   4.1858294e-02
   4.0102227e-02
   3.5369834e-02
   2.8740608e-02
   2.5582375e-02
   2.2473029e-02
   4.1206245e-02
   3.0348540e-02
   2.4796543e-02
   2.8119618e-02
   3.7403810e-02
   4.0126348e-02
   3.7122894e-02
   1.7316563e-02
   1.8543971e-02
   2.0337814e-02
   1.6014555e-02
   1.6685523e-02
   2.0359035e-02
   3.2832705e-02
   2.3781151e-02
   2.6233634e-02
   2.4797141e-02
   2.7800526e-02
   2.8096126e-02
   2.8408200e-02
   3.4838570e-02
   3.6449064e-02
   3.4534008e-02
   3.8760873e-02
   3.9750422e-02
   5.0576761e-02
   2.7747611e-02
   2.3312054e-02
   2.5887322e-02
   3.3133244e-02
   2.6478064e-02
   2.6312495e-02
   3.4249321e-02
   4.0021643e-02
   3.5195473e-02
   2.7553489e-02
   2.3008660e-02
   2.1089231e-02
   2.1865758e-02
   2.6153813e-02
   1.7531633e-02
   1.9650367e-02
   2.9669609e-02
   1.8407337e-02
   3.4632698e-02
   4.4742343e-02
   3.0943562e-02
   2.7633929e-02
   2.2819736e-02
   2.3213535e-02
   2.3060144e-02
   2.5359954e-02
   2.3485226e-02
   1.8922747e-02
   2.2091007e-02
   2.2305553e-02
   3.7239749e-02
   2.8235980e-02
   2.9247559e-02
   2.6427318e-02
   2.6063174e-02
   2.4053998e-02
   4.3165263e-02
   4.7046399e-02
   3.8814369e-02
   2.5554487e-02
   2.1527780e-02
   3.0682915e-02
   5.9502373e-02
   4.8201850e-02
   3.9851562e-02
   3.5160913e-02
   4.2373142e-02
   3.5341233e-02
   3.0527269e-02
   3.3678433e-02
   4.6893830e-02
   4.3787178e-02
   2.5595788e-02
   2.8789367e-02
   3.7582584e-02
   4.7747910e-02
   4.6733935e-02
   1.9120412e-02
   2.1072626e-02
   1.4534741e-02
   1.4643621e-02
   1.1900290e-02
   4.4952380e-02
   1.0604878e-01
   7.9961907e-02
   6.6786176e-02
   4.7278843e-02
   1.0444421e-02
   4.0602996e-02
   5.7683320e-02
   4.2292449e-02
   7.7019164e-02
