   5.7063075e+01
   6.5785946e+01
   9.0741504e+01
   6.9582472e+01
   6.5641930e+01
   7.0356954e+01
   8.0380977e+01
   9.4563869e+01
   8.8317883e+01
   9.4576236e+01
   5.7406582e+01
   6.6360897e+01
   6.8556828e+01
   6.4185819e+01
   9.3781110e+01
   6.9671444e+01
   5.4033501e+01
   5.9605609e+01
   6.9387283e+01
   6.1805396e+01
   5.6263666e+01
   5.9288068e+01
   7.3704772e+01
   6.8889758e+01
   5.5883109e+01
   4.5482361e+01
   4.0903773e+01
   4.3061709e+01
   5.5209872e+01
   1.2086974e+02
   6.1386474e+01
   4.9586234e+01
   6.6771328e+01
   6.6502418e+01
   8.9682983e+01
   1.0924132e+02
   4.5687516e+01
   8.3712773e+01
   6.0945246e+01
   6.4842409e+01
   5.7459057e+01
   7.1556437e+01
   8.6317941e+01
   4.0020640e+01
   1.5335206e+01
   3.6014979e+01
   3.2640483e+01
   4.2742249e+01
   3.0298402e+01
   4.5495496e+01
   4.3822836e+01
   2.3364141e+01
   2.2856561e+01
   6.1059782e+01
   3.1374506e+01
   2.4690847e+01
   6.2321002e+01
   4.1241860e+01
   7.5536851e+01
   6.4293394e+01
   4.3717031e+01
   3.6654745e+01
   5.7303479e+01
   2.3301001e+01
   6.2353904e+01
   2.6970621e+01
   5.0847586e+01
   4.6345528e+01
   5.0816404e+01
   5.6492025e+01
   2.9036406e+01
   6.2043600e+01
   6.2623143e+01
   5.9384292e+01
   1.0068303e+02
   6.5549000e+01
   4.2623923e+01
   8.6826199e+01
   4.0422062e+01
   4.2678244e+01
   7.1337260e+01
   4.2708986e+01
   4.1679552e+01
   3.8174403e+01
   3.3334300e+01
   2.5098494e+01
   5.5330133e+01
   4.1329753e+01
   4.1754693e+01
   4.6168254e+01
   6.8086836e+01
   6.1329487e+01
   6.0971749e+01
   3.0673590e+01
   3.5938565e+01
   2.4114108e+01
   2.6604020e+01
   4.4745247e+01
   3.4419570e+01
   4.6493731e+01
   4.1575273e+01
   5.3116373e+01
   4.6777991e+01
   4.6871025e+01
   5.1274630e+01
   1.6111262e+01
   1.3925795e+01
   2.5745215e+01
   4.1474290e+01
   3.9553907e+01
   4.5976595e+01
   3.1367841e+01
   4.8113048e+01
   3.8077831e+01
   4.7546195e+01
   3.7686402e+01
   5.3557232e+01
   3.8117228e+01
   2.9532100e+01
   3.2614544e+01
   4.9252897e+01
   4.1613695e+01
   8.6974802e+01
   9.7164886e+01
   2.5932056e+01
   1.8490908e+01
   5.5720501e+01
   3.6165083e+01
   3.0104354e+01
   4.1068260e+01
   3.3930123e+01
   2.9155480e+01
   1.0484255e+02
   4.5959981e+01
   4.8236326e+01
   3.9416976e+01
   4.7588709e+01
   4.3718954e+01
   3.9615613e+01
   3.3076951e+01
   3.8708048e+01
   5.7309233e+01
   3.2567981e+01
   3.2241252e+01
   3.2863310e+01
   3.5157256e+01
   6.1660008e+01
   4.9086338e+01
   6.9075502e+01
   4.5654096e+01
   4.5279420e+01
   4.9899008e+01
   7.4423694e+01
   5.2610625e+01
   1.0481097e+02
   1.0626981e+02
   9.5610334e+01
   5.5725192e+01
   4.0721065e+01
   6.8465909e+01
   5.7370039e+01
   4.0392563e+01
   9.3789736e+01
   1.0251927e+02
   7.3259382e+01
   6.2516238e+01
   6.6782806e+01
   1.3195389e+02
   9.2212578e+01
   1.0081857e+02
   6.4685110e+01
   6.5579478e+01
   5.4029277e+01
   4.8845357e+01
   5.3008408e+01
   5.3063447e+01
   4.6999139e+01
   5.3705284e+01
   4.8604151e+01
   5.7183754e+01
   4.9019350e+01
   5.0011969e+01
   5.3823983e+01
   5.1756726e+01
   1.7997106e+02
   1.0623007e+02
   1.6085819e+02
   1.1576760e+02
   1.3964940e+02
   1.5335367e+02
   1.0921341e+02
   9.9609070e+01
   1.0971009e+02
   6.5512800e+01
   6.5745487e+01
   2.5487614e+02
   1.2441518e+02
   1.2185863e+02
   5.9480526e+01
   1.0619401e+02
   5.8094456e+01
   1.7567325e+02
   6.3410219e+01
   5.5818227e+01
   5.4894580e+01
   1.1292372e+02
   8.8908480e+01
   5.6271203e+01
   9.6269416e+01
   1.6072356e+02
   1.1941465e+02
   1.2135055e+02
   1.3652781e+02
   1.2100012e+02
   1.2104440e+02
   1.1343180e+02
   1.2171242e+02
   1.0258293e+02
   9.1903434e+01
   1.4487589e+02
   1.6960944e+02
   5.7885046e+01
   6.6177091e+01
   6.8336760e+01
   6.5142267e+01
   6.0177373e+01
   5.9837566e+01
   6.6639360e+01
   6.5198136e+01
   1.2120686e+02
   1.1499409e+02
   2.2517627e+02
   9.6926548e+01
   9.0636533e+01
   7.1879722e+01
   8.6237117e+01
   1.2859334e+02
   1.4355962e+02
   1.1732377e+02
   3.3670499e+01
   2.3141901e+01
   5.5669387e+01
   5.1843605e+01
   1.2851204e+02
   6.4408818e+01
   5.6014620e+01
   5.3792092e+01
   6.2345430e+01
   5.1500624e+01
   5.4119475e+01
   4.6593834e+01
   7.1559310e+01
   7.4140067e+01
   7.3708993e+01
   6.9534395e+01
   4.4104530e+01
   3.8369521e+01
   6.5147405e+01
