   1.8543046e-02
   0.0000000e+00
   2.0775623e-02
   0.0000000e+00
   1.5290520e-03
   0.0000000e+00
   3.2733224e-03
   6.5040650e-03
   9.0090090e-03
   0.0000000e+00
   5.0933786e-03
   1.6694491e-03
   5.5147059e-03
   0.0000000e+00
   4.4534413e-02
   8.3333333e-03
   4.3668122e-03
   0.0000000e+00
   4.3196544e-03
   2.1097046e-03
   0.0000000e+00
   0.0000000e+00
   2.1834061e-03
   1.3215859e-02
   6.8181818e-03
   9.1743119e-03
   3.5242291e-02
   6.7469880e-02
   4.6913580e-02
   9.8522167e-02
   7.5294118e-02
   7.8624079e-02
   1.4179104e-01
   1.1194030e-01
   9.0452261e-02
   5.8823529e-02
   1.3076923e-01
   2.1134021e-01
   1.0732984e-01
   3.2581454e-02
   1.9696970e-01
   1.0909091e-01
   3.7783375e-02
   2.9268293e-02
   1.3333333e-01
   3.1714286e-01
   1.1051213e-01
   3.3854167e-02
   3.1168831e-02
   1.6195373e-01
   3.9009288e-01
   2.5443787e-01
   2.1186441e-01
   2.0579710e-01
   2.2662890e-01
   1.7737789e-01
   4.9201278e-01
   3.1761006e-01
   2.8746177e-01
   2.9640719e-01
   2.9090909e-01
   3.0116959e-01
   3.3235294e-01
   3.4571429e-01
   3.0182927e-01
   2.7190332e-01
   3.2721713e-01
   2.2752809e-01
   3.4011628e-01
   3.3534743e-01
   3.5474006e-01
   2.2054381e-01
   2.8963415e-01
   2.7245509e-01
   1.9537275e-01
   1.5521628e-01
   2.5558313e-01
   1.1627907e-01
   1.1578947e-01
   1.0400000e-01
   1.1320755e-01
   9.7046414e-02
   1.6707022e-01
   3.7634409e-01
   2.1487603e-01
   2.5000000e-01
   2.8989362e-01
   3.0079156e-01
   1.5846995e-01
   1.7977528e-01
   1.5616438e-01
   1.7318436e-01
   1.7008798e-01
   2.4079320e-01
   2.1511628e-01
   2.1629213e-01
   2.7696793e-01
   2.1351351e-01
   2.8813559e-01
   2.7683616e-01
   3.6728395e-01
   3.4461538e-01
   3.8437500e-01
   1.9512195e-01
   2.0183486e-01
   1.9335347e-01
   2.1321321e-01
   2.1921922e-01
   2.7138643e-01
   2.4216524e-01
   4.0880503e-01
   2.4767802e-01
   2.1036585e-01
   2.3241590e-01
   2.8398792e-01
   2.8273810e-01
   2.5428571e-01
   2.2514620e-01
   2.1195652e-01
   2.5000000e-01
   3.2361516e-01
   2.8614458e-01
   2.5925926e-01
   2.0930233e-01
   3.6705202e-01
   2.7893175e-01
   2.6470588e-01
   2.1301775e-01
   1.6023739e-01
   1.7404130e-01
   2.0699708e-01
   2.3988439e-01
   2.5144509e-01
   2.3615160e-01
   2.6331361e-01
   3.3628319e-01
   2.6050420e-01
   2.4390244e-01
   2.4705882e-01
   1.9942197e-01
   1.9648094e-01
   2.3229462e-01
   1.7318436e-01
   1.5846995e-01
   1.4794521e-01
   1.7759563e-01
   1.8857143e-01
   1.9546742e-01
   1.6292135e-01
   1.7183099e-01
   1.7777778e-01
   2.3055556e-01
   2.1597633e-01
   2.0298507e-01
   1.1581921e-01
   3.5087719e-02
   3.0000000e-02
   1.7293233e-01
   1.6120219e-01
   1.9390582e-01
   1.5700483e-01
   2.0443350e-01
   2.5257732e-01
   1.7258883e-01
   1.9633508e-01
   1.3350126e-01
   6.6193853e-02
   8.6956522e-02
   6.2350120e-02
   1.4639640e-01
   9.9056604e-02
   9.1566265e-02
   1.0602410e-01
   5.5825243e-02
   7.2727273e-02
   5.6470588e-02
   6.5491184e-02
   6.4133017e-02
   3.2258065e-02
   2.2471910e-02
   2.2573363e-02
   9.0909091e-02
   7.2463768e-02
   1.5802469e-01
   5.8823529e-02
   3.4408602e-02
   1.2268519e-01
   5.9548255e-02
   4.9792531e-02
   5.9523810e-03
   4.8923679e-02
   1.3833992e-02
   5.7034221e-03
   2.3060797e-02
   3.3755274e-02
   4.9217002e-02
   8.5201794e-02
   9.3681917e-02
   6.1403509e-02
   4.3956044e-02
   4.6770601e-02
   3.2327586e-02
   3.1779661e-02
   3.4557235e-02
   1.4170040e-02
   6.6974596e-02
   8.6651054e-02
   9.5823096e-02
   1.0120482e-01
   1.0981308e-01
   1.7112299e-01
   9.3506494e-02
   8.2051282e-02
   1.1306533e-01
   1.3095238e-01
   1.5039578e-01
   1.7708333e-01
   6.6350711e-02
   8.7677725e-02
   1.1961722e-01
   1.2623762e-01
   1.0353535e-01
   8.9371981e-02
   8.7591241e-02
   5.1724138e-02
   9.5000000e-02
   1.5311005e-01
   8.5106383e-02
   1.2415350e-01
   1.3785047e-01
   1.0952381e-01
   1.0071942e-01
   2.9048843e-01
   2.4747475e-01
