   2.2641607e-02
   6.4311391e-03
   1.6439388e-02
   1.8755598e-02
   1.3348653e-02
   1.2221835e-02
   4.9001937e-02
   3.7747406e-02
   3.6601580e-02
   6.9758350e-03
   1.1646316e-02
   7.9147165e-03
   1.2302633e-02
   9.5152630e-03
   2.5071719e-02
   1.6794530e-02
   1.5501937e-02
   1.5275677e-02
   1.8008757e-02
   1.9773667e-02
   1.9203344e-02
   1.9585361e-02
   2.0689322e-02
   2.2004405e-02
   1.9763258e-02
   1.8939668e-02
   3.0877048e-02
   3.2357342e-02
   2.6879199e-02
   4.0912288e-02
   3.3313343e-02
   3.1538012e-02
   3.6905352e-02
   3.8028269e-02
   3.2232354e-02
   3.3292119e-02
   3.8042891e-02
   6.1506223e-02
   3.4183176e-02
   2.5604080e-02
   5.8599566e-02
   3.3579408e-02
   2.5695318e-02
   2.4683311e-02
   5.1436068e-02
   6.0521472e-02
   3.9244310e-02
   2.6336415e-02
   2.4956898e-02
   5.4990768e-02
   8.0898151e-02
   4.7987239e-02
   4.6840395e-02
   4.4521123e-02
   4.4202534e-02
   5.0598475e-02
   8.1276812e-02
   5.7687975e-02
   5.7622891e-02
   5.6463968e-02
   5.8285322e-02
   5.6355648e-02
   6.1138969e-02
   6.4033340e-02
   5.6162303e-02
   5.2773385e-02
   6.0674673e-02
   5.1790199e-02
   6.6516981e-02
   6.6070342e-02
   6.7075132e-02
   5.6815597e-02
   5.7073979e-02
   4.9842146e-02
   4.7912114e-02
   3.8227024e-02
   4.9649516e-02
   3.1766916e-02
   3.1099628e-02
   3.0331018e-02
   3.2810778e-02
   5.3316624e-02
   1.0704837e-01
   8.9567494e-02
   4.5857397e-02
   5.4727999e-02
   5.5067850e-02
   5.2811858e-02
   3.7857946e-02
   4.3762286e-02
   3.8099941e-02
   4.4785834e-02
   4.3581521e-02
   5.2659121e-02
   4.6728620e-02
   4.3472547e-02
   5.7068319e-02
   4.3198755e-02
   5.8516693e-02
   6.6297012e-02
   8.4070701e-02
   7.0322400e-02
   8.3572536e-02
   4.1467663e-02
   4.9299900e-02
   4.2352356e-02
   4.3810437e-02
   4.9466797e-02
   4.9194515e-02
   4.6297748e-02
   6.6612368e-02
   4.6262008e-02
   4.5313306e-02
   5.0730233e-02
   5.7946115e-02
   5.7341215e-02
   5.3859473e-02
   5.0900717e-02
   5.8015131e-02
   5.5710227e-02
   6.4086994e-02
   6.0025246e-02
   5.0256165e-02
   5.0047681e-02
   6.6954281e-02
   5.2581292e-02
   5.2968942e-02
   4.6306766e-02
   4.0157147e-02
   4.0389841e-02
   4.5302868e-02
   4.7644881e-02
   4.6553903e-02
   5.5470056e-02
   5.4033684e-02
   6.7761816e-02
   5.6465229e-02
   5.1657260e-02
   4.9917196e-02
   4.4411860e-02
   4.3073285e-02
   4.3580865e-02
   4.0519049e-02
   3.5684294e-02
   3.7930759e-02
   3.8833609e-02
   4.4919038e-02
   4.4491684e-02
   3.8677106e-02
   3.9509314e-02
   4.3603771e-02
   6.6505534e-02
   5.2631661e-02
   4.8442180e-02
   5.9460284e-02
   2.4173774e-02
   2.1502907e-02
   5.3359400e-02
   3.8115406e-02
   4.0082014e-02
   3.6018715e-02
   4.0853427e-02
   5.0289189e-02
   5.7525894e-02
   4.0474541e-02
   3.7523628e-02
   2.7221793e-02
   2.8855093e-02
   2.6499265e-02
   3.5116409e-02
   2.9680214e-02
   2.8430342e-02
   3.0744144e-02
   2.6688194e-02
   2.8971342e-02
   2.6349060e-02
   2.7112974e-02
   2.6983368e-02
   2.2141512e-02
   2.0102099e-02
   2.0926238e-02
   3.2150357e-02
   2.8636064e-02
   3.6426791e-02
   2.6764348e-02
   2.3956861e-02
   3.6106581e-02
   4.7839246e-02
   2.4092534e-02
   1.6648740e-02
   4.1403603e-02
   1.6892125e-02
   1.4199154e-02
   2.0855548e-02
   2.2233276e-02
   2.4538104e-02
   2.9629249e-02
   3.1521062e-02
   2.6450798e-02
   2.3477228e-02
   2.2465415e-02
   2.1385824e-02
   4.4034463e-02
   2.0909452e-02
   1.6748316e-02
   6.0082391e-02
   2.6834823e-02
   5.3710709e-02
   3.0345878e-02
   3.1107253e-02
   3.7015534e-02
   3.0213741e-02
   3.1148281e-02
   3.3713655e-02
   3.8814731e-02
   3.5873091e-02
   6.7178904e-02
   2.6239961e-02
   2.9769812e-02
   3.2690407e-02
   3.3549727e-02
   7.1272365e-02
   2.9111189e-02
   2.9253569e-02
   2.5874270e-02
   3.0503565e-02
   4.4366595e-02
   2.9366358e-02
   3.9549723e-02
   3.5014583e-02
   4.9508729e-02
   5.2779983e-02
   5.1406015e-02
   4.6142401e-02
