   3.5897436e-01
   2.4340176e-01
   3.2352941e-01
   3.5951662e-01
   3.4810127e-01
   3.6615385e-01
   3.1137725e-01
   3.6969697e-01
   3.2317073e-01
   3.2621951e-01
   2.6530612e-01
   3.1055901e-01
   3.0914826e-01
   2.9141104e-01
   3.2344214e-01
   3.4876543e-01
   3.3333333e-01
   3.7735849e-01
   3.4615385e-01
   1.8592965e-01
   1.2880562e-01
   3.2432432e-01
   4.2207792e-01
   4.0000000e-01
   3.4218289e-01
   2.9289941e-01
   3.1176471e-01
   1.6144578e-01
   9.6852300e-02
   1.2325581e-01
   8.6854460e-02
   1.4939759e-01
   9.5348837e-02
   9.7156398e-02
   1.1538462e-01
   1.0096154e-01
   5.4761905e-02
   1.6381418e-01
   8.5308057e-02
   1.3286713e-01
   1.6915423e-01
   2.2916667e-01
   2.8947368e-01
   2.4234694e-01
   2.2900763e-01
   1.9220779e-01
   2.3756906e-01
   2.5138122e-01
   2.4932249e-01
   2.7401130e-01
   2.6062323e-01
   1.6758242e-01
   1.9774011e-01
