   6.0596130e-02
   5.0114063e-02
   5.9302787e-02
   6.4395399e-02
   5.7780576e-02
   5.3166820e-02
   5.5820982e-02
   5.8415440e-02
   5.5482776e-02
   5.5751080e-02
   4.7164775e-02
   5.1756567e-02
   5.3186714e-02
   4.7715478e-02
   5.7119298e-02
   5.1778165e-02
   5.1338384e-02
   6.2057642e-02
   5.7848664e-02
   3.9456388e-02
   3.2278791e-02
   5.8254428e-02
   7.7056334e-02
   6.5686238e-02
   5.4746964e-02
   4.6545422e-02
   5.0722660e-02
   3.8914581e-02
   3.1226890e-02
   3.4730223e-02
   3.0450645e-02
   3.8088546e-02
   3.4087337e-02
   3.7629744e-02
   3.5221859e-02
   3.3852231e-02
   2.9683730e-02
   4.4923652e-02
   3.6153930e-02
   3.7347483e-02
   3.8349629e-02
   4.8371447e-02
   5.3882792e-02
   4.8994533e-02
   5.1679478e-02
   4.7015085e-02
   5.5987198e-02
   5.1359931e-02
   5.1965462e-02
   5.9032979e-02
   5.4558335e-02
   4.1465099e-02
   4.3721351e-02
