   3.1803279e-01
   2.8875380e-01
   2.9357798e-01
   2.4615385e-01
   2.9129129e-01
   2.9483283e-01
   2.0807453e-01
   2.9375000e-01
   2.1671018e-01
   2.6815642e-01
   2.3955432e-01
   2.1194030e-01
   2.8134557e-01
   3.0091185e-01
   1.9805195e-01
   2.0720721e-01
   2.0192308e-01
   2.0317460e-01
   2.5320513e-01
   3.3529412e-01
   3.0650155e-01
   3.0819672e-01
   3.7269373e-01
   3.4782609e-01
   3.0633803e-01
   2.7430556e-01
   2.5088339e-01
   2.1478873e-01
   2.1254355e-01
   2.9310345e-01
   3.0034130e-01
   2.4398625e-01
   2.0477816e-01
   1.9469027e-01
   2.9856115e-01
   2.7722772e-01
   2.4516129e-01
   3.3442623e-01
   3.0208333e-01
   3.5986159e-01
   3.4482759e-01
   3.8305085e-01
   3.7192982e-01
   3.9007092e-01
   2.5429553e-01
   2.3432343e-01
   2.1854305e-01
   1.6077170e-01
   1.8237082e-01
   3.0379747e-01
   2.8333333e-01
   2.8712871e-01
   3.8851351e-01
   3.0100334e-01
   2.5000000e-01
   2.7946128e-01
   2.7457627e-01
   2.7424749e-01
   2.9065744e-01
   2.4745763e-01
   3.1561462e-01
   1.9230769e-01
   2.4600639e-01
   2.7597403e-01
   3.0272109e-01
   3.6610169e-01
   3.0645161e-01
   2.2085890e-01
   2.9738562e-01
   2.7118644e-01
   2.2742475e-01
   2.6885246e-01
   2.7118644e-01
   2.6645768e-01
   2.7062706e-01
   2.1515152e-01
   2.7848101e-01
   2.6488095e-01
   2.3475610e-01
   2.3076923e-01
   2.1153846e-01
   2.8115016e-01
   2.6143791e-01
   2.6349206e-01
   2.2955975e-01
   2.1021021e-01
   2.4615385e-01
   2.2539683e-01
   1.9745223e-01
   2.2653722e-01
   2.5566343e-01
   2.1666667e-01
   2.7759197e-01
   2.5000000e-01
   2.5632911e-01
   2.0447284e-01
   2.4691358e-01
   2.4277457e-01
   3.0283912e-01
   3.6513158e-01
   3.0033003e-01
   3.1649832e-01
   3.4782609e-01
   1.9937695e-01
   2.8338762e-01
   3.6363636e-01
   3.3333333e-01
   3.6177474e-01
   3.5932203e-01
   3.1714286e-01
   3.6532508e-01
   3.2867133e-01
   3.0827068e-01
   3.1230284e-01
   2.5454545e-01
   2.9182879e-01
   2.8015564e-01
   2.8346457e-01
   2.6640927e-01
   3.3333333e-01
   3.6742424e-01
   3.3333333e-01
   1.8309859e-01
   1.4498141e-01
   2.6408451e-01
   3.0584192e-01
   3.8675958e-01
   3.2047478e-01
   3.0498534e-01
   4.2089552e-01
   4.2546584e-01
   3.8109756e-01
   3.8622754e-01
   2.8434505e-01
   2.6870748e-01
   1.2881356e-01
   1.1224490e-01
   1.4035088e-01
   1.0526316e-01
   1.1111111e-01
   1.1764706e-01
   1.5916955e-01
   2.2887324e-01
   2.7586207e-01
   4.6323529e-01
   4.2553191e-01
   3.9015152e-01
   1.8978102e-01
   2.9545455e-01
   3.0970149e-01
   2.7169811e-01
   3.3582090e-01
   3.5094340e-01
   2.9020979e-01
   3.1772575e-01
   2.5085911e-01
   2.7402135e-01
   1.2367491e-01
   2.0143885e-01
   1.9503546e-01
   1.5492958e-01
   1.7730496e-01
   2.5177305e-01
   2.9670330e-01
   3.9583333e-01
   3.8275862e-01
   2.8076923e-01
   3.2330827e-01
   2.9699248e-01
   3.1954887e-01
   3.4572491e-01
   2.8368794e-01
   3.2841328e-01
   4.5341615e-01
   4.6105919e-01
   4.9315068e-01
   4.0540541e-01
   1.9926199e-01
   1.4855072e-01
   1.3669065e-01
   1.5107914e-01
   1.9930070e-01
   3.7164751e-01
   3.7743191e-01
   3.5687732e-01
   4.5660377e-01
   3.6090226e-01
   3.3207547e-01
   2.7611940e-01
   5.2962963e-01
   3.5555556e-01
   4.1843972e-01
   3.9622642e-01
   1.9696970e-01
   2.0446097e-01
   3.6431227e-01
   3.3458647e-01
   3.2129964e-01
   1.9029851e-01
   2.6811594e-01
   2.9368030e-01
   2.4820144e-01
   4.3430657e-01
   4.1697417e-01
   2.4155844e-01
   2.2764228e-01
   2.8242075e-01
   2.2123894e-01
   3.2154341e-01
   2.5937500e-01
   2.8000000e-01
   2.9938272e-01
   2.3547401e-01
   3.2098765e-01
   2.2928177e-01
   2.9206349e-01
   3.0573248e-01
   1.7456359e-01
   2.1978022e-01
   2.1052632e-01
   2.9494382e-01
   2.6282051e-01
   2.7575758e-01
   2.6433121e-01
   2.9799427e-01
   2.7700831e-01
   2.4637681e-01
   2.5059102e-01
   2.4615385e-01
   1.6393443e-01
   1.8045113e-01
   2.1749409e-01
   2.1935484e-01
   1.7811159e-01
   1.1790393e-01
   2.0614035e-01
   1.5646259e-01
   2.2863741e-01
   1.6274090e-01
   1.7180617e-01
   2.4637681e-01
   1.7827869e-01
   2.0954357e-01
   1.8697479e-01
   1.7021277e-01
   1.9087137e-01
   2.0750552e-01
   1.9015660e-01
   2.0403587e-01
   2.0179372e-01
   2.0568928e-01
   1.6932271e-01
