   5.2622348e-02
   4.9320551e-02
   6.9704181e-02
   4.6662520e-02
   4.5954475e-02
   5.2177538e-02
   4.4620727e-02
   4.7792520e-02
   4.8899615e-02
   6.9501799e-02
   4.8464271e-02
   4.1366329e-02
   4.4765888e-02
   5.8826880e-02
   4.1611258e-02
   4.2076436e-02
   4.1245707e-02
   4.2283585e-02
   6.9005435e-02
   5.4328819e-02
   4.9859679e-02
   5.0174221e-02
   7.2817469e-02
   5.0816913e-02
   5.0713397e-02
   4.7433067e-02
   6.5441663e-02
   5.4706387e-02
   3.8952128e-02
   5.0686392e-02
   4.9033631e-02
   4.3602271e-02
   4.0785086e-02
   4.0114769e-02
   5.0508672e-02
   6.2640627e-02
   4.8665116e-02
   5.1210174e-02
   4.9467231e-02
   5.3490128e-02
   5.3765711e-02
   5.9014333e-02
   5.3823298e-02
   7.2619967e-02
   4.3035628e-02
   4.0870237e-02
   5.8730837e-02
   3.7468186e-02
   3.9220327e-02
   4.7107371e-02
   4.6376754e-02
   4.7863599e-02
   5.3607180e-02
   4.8994710e-02
   4.4547655e-02
   4.7170263e-02
   4.6262442e-02
   9.5247732e-02
   4.4778965e-02
   4.6796530e-02
   4.9218139e-02
   4.1509807e-02
   4.5182272e-02
   5.0582067e-02
   4.8757801e-02
   5.0984677e-02
   5.1349184e-02
   5.8074365e-02
   5.0158311e-02
   4.9722586e-02
   4.6114878e-02
   4.7170045e-02
   4.6805874e-02
   5.9335505e-02
   5.1282078e-02
   4.3840759e-02
   4.6213525e-02
   5.3474543e-02
   4.4823808e-02
   6.4028740e-02
   4.2910685e-02
   4.7704529e-02
   4.4159655e-02
   4.6363231e-02
   4.1746276e-02
   5.4900565e-02
   4.3036228e-02
   7.2295426e-02
   4.1574199e-02
   8.2715014e-02
   4.8841763e-02
   4.1407366e-02
   4.5346086e-02
   7.6349607e-02
   7.5465895e-02
   3.9982384e-02
   7.3886738e-02
   5.8526240e-02
   4.9891143e-02
   7.6450126e-02
   4.9157120e-02
   5.0697691e-02
   7.8951765e-02
   4.2919108e-02
   8.7104957e-02
   8.6886318e-02
   1.0060681e-01
   5.2052677e-02
   5.8463026e-02
   8.6123350e-02
   6.6090191e-02
   4.8731245e-02
   5.8170284e-02
   5.0777240e-02
   8.5090690e-02
   4.5928086e-02
   4.5968142e-02
   8.5046537e-02
   4.3282853e-02
   5.4524181e-02
   5.2074902e-02
   6.3200409e-02
   4.3142370e-02
   9.7441909e-02
   6.1760128e-02
   8.3363610e-02
   1.1089365e-01
   5.4139834e-02
   5.3002213e-02
   6.1492021e-02
   6.9741916e-02
   6.1400723e-02
   5.8478872e-02
   5.6488909e-02
   5.3968213e-02
   3.4277877e-02
   3.2874064e-02
   3.5233806e-02
   3.3737220e-02
   3.3088633e-02
   3.4295682e-02
   3.5793961e-02
   4.9538397e-02
   4.6441163e-02
   7.1566274e-02
   6.7382127e-02
   7.3981673e-02
   4.1112805e-02
   8.0224637e-02
   4.9424298e-02
   4.4968039e-02
   4.9062441e-02
   8.6203183e-02
   4.9685585e-02
   5.2278262e-02
   5.1062760e-02
   7.0293690e-02
   4.5617630e-02
   4.2428484e-02
   4.4644021e-02
   3.8942310e-02
   3.9742478e-02
   6.6433244e-02
   6.8589398e-02
   8.3591828e-02
   7.5038450e-02
   7.1915709e-02
   4.9129375e-02
   5.0066647e-02
   5.5339723e-02
   5.9237440e-02
   5.3522945e-02
   8.1996310e-02
   6.8359095e-02
   7.5230052e-02
   8.8178563e-02
   8.2268697e-02
   4.0801291e-02
   3.5320069e-02
   3.6013637e-02
   3.3631627e-02
   4.3427940e-02
   1.1547715e-01
   6.8952191e-02
   1.1717978e-01
   6.7978909e-02
   5.7836040e-02
   5.2855053e-02
   7.2031114e-02
   6.8527961e-02
   5.3874477e-02
   6.1627772e-02
   6.1539342e-02
   4.0335384e-02
   4.6735314e-02
   5.8289975e-02
   4.8951679e-02
   6.1042389e-02
   4.4370136e-02
   5.2580718e-02
   4.9423442e-02
   4.5325839e-02
   5.7542812e-02
   6.0749865e-02
   4.5532206e-02
   4.1141536e-02
   4.4020037e-02
   4.0437395e-02
   7.2591510e-02
   4.3171822e-02
   4.6848791e-02
   4.7247673e-02
   4.1472625e-02
   7.2175263e-02
   4.3023795e-02
   6.6294174e-02
   4.8796862e-02
   4.5858233e-02
   4.0844754e-02
   4.6266421e-02
   5.1939707e-02
   4.6130980e-02
   4.6357210e-02
   4.3870212e-02
   4.9929320e-02
   5.8234553e-02
   5.7105864e-02
   7.1082262e-02
   4.5786825e-02
   3.9006695e-02
   5.2621098e-02
   6.0426459e-02
   3.9872296e-02
   7.1618595e-02
   3.2023156e-02
   5.1280447e-02
   3.3775973e-02
   5.2766294e-02
   4.0904155e-02
   6.0069820e-02
   4.8471844e-02
   4.1355887e-02
   5.6729668e-02
   4.4565220e-02
   4.5714679e-02
   3.8058374e-02
   4.7115096e-02
   4.0823432e-02
   5.2421177e-02
   3.8089463e-02
   4.1273571e-02
   4.1967237e-02
