   1.0372340e-01
   1.4567901e-01
   1.5403423e-01
   1.3043478e-01
   1.1847390e-01
   1.6473318e-01
   1.7724868e-01
   1.4010989e-01
   1.0962567e-01
   8.8000000e-02
   7.8125000e-02
   7.6923077e-02
   9.9216710e-02
   5.1652893e-02
   7.3275862e-02
   8.9090909e-02
   1.2103175e-01
   9.8360656e-02
   7.5949367e-02
   8.4821429e-02
   1.1383929e-01
   2.1690141e-01
   1.4322251e-01
   7.3118280e-02
   4.6666667e-02
   6.9915254e-02
   8.5393258e-02
   3.2418953e-02
   6.1965812e-02
   4.8319328e-02
   5.1063830e-02
   6.2365591e-02
   1.1622807e-01
   5.3268765e-02
   9.9290780e-02
   5.1219512e-02
   9.6317280e-02
   4.2613636e-02
   1.3202247e-01
   1.2784091e-01
   1.4245810e-01
   1.1640212e-01
   6.6091954e-02
   4.3227666e-02
   6.7415730e-02
   5.9945504e-02
   1.0597826e-01
   1.0027100e-01
   7.5067024e-02
   5.1813472e-02
   8.5492228e-02
   6.9053708e-02
   3.1168831e-02
   3.8461538e-02
   4.3256997e-02
   4.0404040e-02
   3.5353535e-02
   4.9222798e-02
   5.5408971e-02
   2.1052632e-02
   5.1948052e-02
   4.1450777e-02
   4.8000000e-02
   7.0680628e-02
   5.9895833e-02
   5.5118110e-02
   7.3770492e-02
   8.6486486e-02
   6.4665127e-02
   2.2964509e-02
   1.6019417e-01
   2.1621622e-01
   5.5900621e-02
   3.6437247e-02
   5.0739958e-02
   3.8696538e-02
   5.3452116e-02
   7.2815534e-03
   1.1166253e-01
   3.3898305e-02
   7.3496659e-02
   6.7193676e-02
   1.1242604e-01
   7.5901328e-02
   1.0476190e-01
   1.4204545e-01
   1.3948919e-01
   1.1161731e-01
   1.7276423e-01
   1.2301587e-01
   1.3478261e-01
   1.3953488e-01
   1.8052738e-01
   1.3319672e-01
   1.9327731e-01
   1.3901345e-01
   1.3537118e-01
   9.4594595e-02
   9.7251586e-02
   9.1304348e-02
   1.3943355e-01
   1.3186813e-01
   9.2970522e-02
   1.0158014e-01
   9.3181818e-02
   9.3126386e-02
   1.0273973e-01
   1.4778325e-01
   1.5136476e-01
   9.2857143e-02
   1.8527919e-01
   1.2777778e-01
   1.1702128e-01
   1.5384615e-01
   1.3498623e-01
   7.9019074e-02
   9.3833780e-02
   9.9730458e-02
   1.1308204e-01
   1.5482234e-01
   1.1444142e-01
   1.8670077e-01
   2.2222222e-01
   1.4536341e-01
   2.8660436e-01
   2.9375000e-01
   2.7554180e-01
   2.5079365e-01
   2.9447853e-01
   2.0053476e-01
   3.4461538e-01
   2.5151515e-01
   2.9220779e-01
   1.1881188e-01
   1.4772727e-01
   2.5633803e-01
   2.8387097e-01
   2.1036585e-01
   4.5192308e-01
   3.9938080e-01
   2.9909366e-01
   1.8918919e-01
   2.1005917e-01
   2.4556213e-01
   2.6605505e-01
   2.1212121e-01
   1.7507418e-01
   1.3690476e-01
   1.5616438e-01
   2.5364431e-01
   2.3123123e-01
   1.0588235e-01
   1.0541311e-01
   9.1445428e-02
   1.2753623e-01
   1.5942029e-01
   1.2607450e-01
   9.2436975e-02
   1.0220994e-01
   1.5053763e-01
   1.5363881e-01
   1.1019284e-01
   1.4164306e-01
   1.7014925e-01
   1.8991098e-01
   1.5384615e-01
   1.2356322e-01
   1.4411765e-01
   1.0526316e-01
   1.2209302e-01
   1.3043478e-01
   1.1815562e-01
   1.8338109e-01
   1.5697674e-01
   1.3559322e-01
   1.2535613e-01
   1.1680912e-01
   1.4613181e-01
   1.4121037e-01
   1.5697674e-01
   1.3119534e-01
   1.8497110e-01
   1.8507463e-01
   1.9452888e-01
   1.3994911e-01
   9.6209913e-02
   8.1570997e-02
   2.0821114e-01
   2.2291022e-01
   1.9687500e-01
   1.9135802e-01
   2.1779141e-01
   2.1165644e-01
   2.0481928e-01
   2.4000000e-01
   2.1661721e-01
   1.8639053e-01
   2.5846154e-01
   1.9444444e-01
   2.5878594e-01
   1.6510903e-01
   3.2063492e-01
   3.0864198e-01
   2.7554180e-01
   2.5396825e-01
   1.7981073e-01
   2.0000000e-01
   1.6037736e-01
   1.5105740e-01
   2.0183486e-01
   2.2155689e-01
   1.5929204e-01
   8.1720430e-02
   7.4946467e-02
   8.5510689e-02
   1.1053985e-01
   7.6517150e-02
   4.3933054e-02
   6.5934066e-02
   2.3762376e-02
   4.2718447e-02
   7.7079108e-02
   8.6315789e-02
   6.6929134e-02
   8.3682008e-02
   1.2923729e-01
   8.1081081e-02
   6.8359375e-02
   7.8224101e-02
   1.0429448e-01
   4.1044776e-02
   1.1456311e-01
   1.2449799e-01
   1.8962076e-01
   1.4435146e-01
   1.8103448e-01
   2.3419204e-01
   2.0427553e-01
   2.5623583e-01
   1.5288221e-01
   1.4108911e-01
   9.8321343e-02
   1.2266112e-01
   7.2093023e-02
   1.1627907e-01
