   3.1948263e-02
   3.4591692e-02
   3.3723273e-02
   8.2513332e-02
   5.7936764e-02
   5.8241357e-02
   3.7473377e-02
   4.4158338e-02
   3.4368092e-02
   3.0734302e-02
   2.9815754e-02
   2.6501137e-02
   3.2014806e-02
   8.1860797e-02
   2.6061764e-02
   4.2525907e-02
   3.3737255e-02
   3.0399829e-02
   2.6114605e-02
   3.2663873e-02
   3.0834307e-02
   3.9979361e-02
   3.5059030e-02
   3.2535208e-02
   2.4555018e-02
   2.8048573e-02
   4.3493071e-02
   2.3644077e-02
   4.1842603e-02
   3.4084793e-02
   5.2879791e-02
   2.5320568e-02
   3.8398191e-02
   2.6235846e-02
   3.0900052e-02
   2.5720401e-02
   4.3377322e-02
   2.6672147e-02
   3.4009954e-02
   3.2711897e-02
   3.4090579e-02
   3.2515157e-02
   2.8934428e-02
   2.7174959e-02
   2.7531749e-02
   2.5238751e-02
   3.0269263e-02
   2.9301581e-02
   2.6240280e-02
   2.6033657e-02
   2.7144833e-02
   2.4584267e-02
   1.9749667e-02
   2.0462098e-02
   2.0750487e-02
   2.3224639e-02
   2.1348184e-02
   3.6992332e-02
   2.4092883e-02
   1.9937270e-02
   2.3419273e-02
   2.2828375e-02
   2.4509046e-02
   2.5220078e-02
   2.6021125e-02
   2.6486167e-02
   2.9321377e-02
   3.0713893e-02
   2.6160722e-02
   2.0943208e-02
   3.9560050e-02
   4.0109142e-02
   2.3525151e-02
   2.1156588e-02
   2.3795464e-02
   2.1382321e-02
   2.5355820e-02
   2.0266250e-02
   3.1704670e-02
   2.3727315e-02
   2.9231432e-02
   3.1630057e-02
   3.0060327e-02
   2.8413690e-02
   3.3894514e-02
   3.7098456e-02
   3.6441896e-02
   3.3949346e-02
   3.8844306e-02
   3.4910714e-02
   5.2509709e-02
   5.0434266e-02
   3.9373440e-02
   3.5545832e-02
   4.1537722e-02
   3.5199623e-02
   3.3835687e-02
   2.8954664e-02
   2.8065048e-02
   4.0113209e-02
   3.5865368e-02
   3.5335503e-02
   2.8568651e-02
   3.3185266e-02
   3.5158666e-02
   5.2503574e-02
   3.1733947e-02
   3.4651218e-02
   3.6571898e-02
   5.7754715e-02
   4.5318613e-02
   3.3711027e-02
   4.3093509e-02
   3.5274971e-02
   5.1385407e-02
   2.9306424e-02
   3.4475814e-02
   3.2543647e-02
   3.8336155e-02
   4.5419701e-02
   3.1537055e-02
   4.6512875e-02
   5.9321472e-02
   3.7482427e-02
   4.5747444e-02
   4.7474039e-02
   6.2585001e-02
   7.5062810e-02
   4.8019008e-02
   3.8723965e-02
   5.0986393e-02
   4.2109885e-02
   4.6850827e-02
   3.1141644e-02
   4.4056362e-02
   4.5931425e-02
   4.6831028e-02
   4.3417359e-02
   6.1914721e-02
   8.3706161e-02
   5.8903782e-02
   3.8716029e-02
   5.3554402e-02
   4.2419189e-02
   4.3803321e-02
   3.9560502e-02
   3.7304108e-02
   3.5595362e-02
   3.5417510e-02
   4.1497163e-02
   4.0765019e-02
   3.0425376e-02
   3.1224853e-02
   3.6150252e-02
   3.2810656e-02
   3.5773158e-02
   3.3495584e-02
   3.2376592e-02
   3.2696579e-02
   3.5296174e-02
   3.3777894e-02
   3.1658996e-02
   3.3851785e-02
   3.8476548e-02
   3.8138161e-02
   3.5046335e-02
   3.3161396e-02
   3.4317591e-02
   3.1263219e-02
   3.2855126e-02
   3.3691138e-02
   3.0677039e-02
   4.1239221e-02
   3.4584368e-02
   3.1840750e-02
   3.2597563e-02
   5.2205544e-02
   3.4522739e-02
   4.4088593e-02
   3.5300249e-02
   3.4163302e-02
   3.8016881e-02
   3.9067565e-02
   4.1423053e-02
   3.4620810e-02
   3.0890713e-02
   3.1361117e-02
   3.9457539e-02
   3.9503811e-02
   3.8917983e-02
   3.9011276e-02
   4.0202364e-02
   3.8582236e-02
   3.9185572e-02
   4.0883888e-02
   3.9685971e-02
   3.8447113e-02
   4.4273764e-02
   3.9038941e-02
   5.3751499e-02
   3.8649112e-02
   4.7323272e-02
   5.9904708e-02
   4.6138907e-02
   6.6695732e-02
   3.9931566e-02
   3.9200786e-02
   3.6419378e-02
   3.6473845e-02
   4.0635397e-02
   3.8789776e-02
   3.5597181e-02
   5.0702124e-02
   2.8329735e-02
   2.8820396e-02
   3.0247990e-02
   2.7089026e-02
   2.3392906e-02
   2.4666612e-02
   1.8822832e-02
   2.4202864e-02
   2.9270024e-02
   3.1278410e-02
   4.7222438e-02
   2.8166087e-02
   3.5754430e-02
   2.7267215e-02
   2.5734446e-02
   2.6873834e-02
   2.9964055e-02
   2.2911942e-02
   3.3549326e-02
   3.4303014e-02
   5.2797621e-02
   3.4852318e-02
   6.8507598e-02
   4.6629463e-02
   6.2277442e-02
   6.1967111e-02
   3.6934203e-02
   3.3454639e-02
   3.0238302e-02
   5.1340411e-02
   5.2905378e-02
   3.3555265e-02
