   9.1984877e+01
   2.5578716e+01
   8.1054099e+01
   8.4261605e+01
   7.0682967e+01
   5.1339915e+01
   6.9218257e+01
   6.1808786e+01
   6.1860083e+01
   7.2750393e+01
   1.1417893e+02
   8.9737508e+01
   8.4297521e+01
   7.6937675e+01
   9.1195661e+01
   7.7841413e+01
   8.0739690e+01
   7.6557527e+01
   7.5210295e+01
   6.5467215e+01
   7.2031430e+01
   7.3605583e+01
   5.4750457e+01
   7.0681978e+01
   6.3485512e+01
   7.5407109e+01
   7.5489843e+01
   7.2767679e+01
   6.7283215e+01
   9.4953928e+01
   5.9477259e+01
   5.1270901e+01
   7.3713861e+01
   7.1729189e+01
   5.3000262e+01
   4.8589870e+01
   1.0242791e+02
   1.0464365e+02
   8.9435314e+01
   9.4135462e+01
   9.0590054e+01
   9.1612631e+01
   8.0782321e+01
   8.7328055e+01
   7.0259710e+01
   6.6665126e+01
   6.7824751e+01
   4.6144768e+01
   8.0296188e+01
   5.7428102e+01
   1.0784266e+02
   7.6189499e+01
   8.5448987e+01
   8.0363533e+01
   6.1539130e+01
   6.3614378e+01
   6.4479576e+01
   5.9863569e+01
   7.4936621e+01
   7.6548595e+01
   7.7365109e+01
   5.3798891e+01
   5.6368803e+01
   6.6967590e+01
   6.9336840e+01
   7.4737005e+01
   8.2653721e+01
   7.5600946e+01
   8.3179424e+01
   7.7387014e+01
   8.0851360e+01
   8.8996682e+01
   8.2569422e+01
   7.2710467e+01
   7.6054396e+01
   8.9046168e+01
   8.8402064e+01
   9.4741859e+01
   7.3214237e+01
   8.3745447e+01
   7.6915414e+01
   7.8362012e+01
   8.0520216e+01
   8.4998188e+01
   5.8322017e+01
   5.7363536e+01
   6.6411066e+01
   7.6049144e+01
   6.9560784e+01
   8.6156011e+01
   6.9615719e+01
   9.4648864e+01
   6.1225191e+01
   7.5685775e+01
   7.8285614e+01
   6.6510863e+01
   9.5807278e+01
   9.0649563e+01
   6.2115245e+01
   7.5208239e+01
   5.6887353e+01
   8.3725391e+01
   5.4126988e+01
   7.9211075e+01
   5.8566126e+01
   7.0730326e+01
   7.8024922e+01
   8.0651440e+01
   6.0306987e+01
   8.1623868e+01
   8.6798991e+01
   1.0140599e+02
   1.2782567e+02
   5.7922713e+01
   6.0471477e+01
   1.3141037e+02
   9.3548244e+01
   7.4179499e+01
   7.7382191e+01
   7.5689838e+01
   7.1935756e+01
   6.6396861e+01
   7.7070884e+01
   7.1702939e+01
   5.7593192e+01
   9.5584793e+01
   7.0877000e+01
   9.4119055e+01
   8.7544949e+01
   8.5529156e+01
   5.8517569e+01
   9.2218997e+01
   9.5716742e+01
   8.1580884e+01
   9.0022128e+01
   7.4950130e+01
   7.5681916e+01
   7.4553584e+01
   8.1605467e+01
   1.4602441e+02
   1.2459182e+02
   7.0037060e+01
   1.1318929e+02
   9.1710119e+01
   6.9201166e+01
   7.9025889e+01
   9.6968376e+01
   9.8838579e+01
   7.0160109e+01
   1.1102520e+02
   8.7557466e+01
   4.9069087e+01
   1.2328367e+02
   8.9402922e+01
   8.9891461e+01
   8.4494532e+01
   8.3815016e+01
   6.5596619e+01
   1.1592854e+02
   7.4030326e+01
   3.0606573e+01
   3.2579583e+01
   3.4997851e+01
   4.2533202e+01
   4.0897274e+01
   8.9617009e+01
   1.0400023e+02
   8.9576339e+01
   1.0525145e+02
   8.8712173e+01
   8.3609743e+01
   7.8436181e+01
   7.1907234e+01
   4.8112318e+01
   7.6679700e+01
   3.9200986e+01
   3.3607381e+01
   4.0791160e+01
   3.9501320e+01
   3.9081161e+01
   4.1601359e+01
   9.1124257e+01
   6.7399416e+01
   9.3745767e+01
   6.8707833e+01
   9.5974862e+01
   5.6761499e+01
   5.9599599e+01
   7.1554013e+01
   5.3618926e+01
   1.0913453e+02
   1.2264244e+02
   6.1955542e+01
   6.5908057e+01
   2.6866369e+01
   7.1439301e+01
   6.7379977e+01
   8.2546805e+01
   7.0576444e+01
   3.7566722e+01
   3.0319947e+01
   4.0211262e+01
   4.4895255e+01
   7.8925233e+01
   4.8353659e+01
   5.3527893e+01
   9.9287318e+01
   7.7183871e+01
   9.8140982e+01
   5.6552476e+01
   9.4522842e+01
   1.0796535e+02
   4.7627933e+01
   3.7520497e+01
   8.3068627e+01
   4.5827640e+01
   9.2043946e+01
   1.7519995e+02
   3.4384852e+01
   9.8144923e+01
   8.8860225e+01
   9.6094097e+01
   6.9841711e+01
   1.0034502e+02
   9.0478745e+01
   6.1365026e+01
   1.3128190e+02
   9.3310219e+01
   8.5175892e+01
   5.8078921e+01
   8.3801634e+01
   5.0980769e+01
   9.3003677e+01
   8.6637871e+01
   3.3873604e+01
   7.6996952e+01
   1.4258503e+02
   8.3168982e+01
   1.1321498e+02
   1.0470711e+02
   9.0106482e+01
   1.5872125e+02
   1.3826124e+02
   7.1722899e+01
   1.1020664e+02
   7.8414817e+01
   8.0257993e+01
   7.0315936e+01
   7.6258836e+01
   7.8476766e+01
   1.6030208e+01
   7.3575414e+01
   2.7634388e+01
   7.9335624e+01
   6.3050809e+01
   6.2143324e+01
   7.2609038e+01
   8.9625737e+01
   7.0152309e+01
   6.9923334e+01
   7.7694298e+01
   8.7685197e+01
   7.9548765e+01
   8.6767164e+01
   8.3118140e+01
   5.9499425e+01
   5.2230520e+01
   6.8525448e+01
   4.6931163e+01
   1.0149261e+02
   2.3384354e+01
   1.3464513e+02
   5.6587288e+01
   6.5086102e+01
