   1.7094017e-02
   9.7465887e-03
   1.1342155e-02
   1.2605042e-02
   5.5979644e-02
   6.8354430e-02
   2.5229358e-02
   7.6775432e-03
   1.5296367e-02
   1.4830508e-02
   4.5662100e-03
   4.7505938e-02
   1.8987342e-02
   1.0395010e-02
   2.2222222e-03
   0.0000000e+00
   0.0000000e+00
   2.2727273e-03
   2.3094688e-03
   0.0000000e+00
   4.7169811e-03
   7.1090047e-03
   7.0754717e-03
   0.0000000e+00
   4.7732697e-03
   7.3529412e-03
   2.4271845e-03
   2.4449878e-03
   9.6385542e-03
   2.1327014e-02
   1.6203704e-02
   2.2026432e-03
   2.1327014e-02
   1.5151515e-02
   3.2663317e-02
   1.2531328e-02
   1.2953368e-02
   2.0356234e-02
   1.0075567e-02
   2.0151134e-02
   3.8167939e-02
   2.9556650e-02
   9.9502488e-03
   0.0000000e+00
   1.8041237e-02
   2.3017903e-02
   7.1428571e-02
   5.2763819e-02
   3.1830239e-02
   2.3936170e-02
   5.2083333e-03
   2.3684211e-02
   5.3050398e-03
   1.0416667e-02
   1.0309278e-02
   2.3316062e-02
   3.7433155e-02
   2.4324324e-02
   3.1746032e-02
   3.3980583e-02
   1.9955654e-02
   1.4403292e-02
   3.0991736e-02
   4.0241449e-02
   2.4608501e-02
   3.6613272e-02
   1.4112903e-02
   2.1141649e-02
   4.8000000e-02
   3.9292731e-02
   1.5779093e-02
   1.6913319e-02
   0.0000000e+00
   2.6143791e-02
   1.4285714e-02
   2.3310023e-03
   2.3474178e-03
   0.0000000e+00
   0.0000000e+00
   0.0000000e+00
   0.0000000e+00
   8.8691796e-03
   4.5454545e-03
   3.5000000e-02
   2.6041667e-03
   2.0779221e-02
   5.1212938e-02
   4.8593350e-02
   2.4128686e-02
   6.1170213e-02
   1.0869565e-02
   2.1739130e-02
   3.8147139e-02
   5.2054795e-02
   4.1666667e-02
   3.5616438e-02
   4.1208791e-02
   5.3908356e-02
   2.8169014e-02
   4.3103448e-02
   7.5880759e-02
   6.1971831e-02
   8.2352941e-02
   6.5281899e-02
   5.0445104e-02
   2.0958084e-02
   1.1428571e-01
   6.0344828e-02
   5.9171598e-02
   3.3033033e-02
   3.6458333e-02
   1.3477089e-02
   4.9418605e-02
   6.6869301e-02
   4.5592705e-02
   7.3529412e-02
   5.7971014e-02
   1.1144578e-01
   6.3291139e-02
   5.5882353e-02
   7.3099415e-02
   9.0651558e-02
   6.3953488e-02
   2.2371365e-02
   1.3227513e-02
   3.0726257e-02
   5.0746269e-02
   1.7441860e-02
   6.0518732e-02
   6.9333333e-02
   2.4271845e-02
   1.3157895e-02
   2.4024024e-02
   4.8780488e-02
   1.8292683e-02
   2.4242424e-02
   5.1671733e-02
   4.7770701e-02
   7.6190476e-02
   9.4339623e-02
   9.7315436e-02
   1.1455108e-01
   1.0032362e-01
