   1.9799044e-02
   1.7987271e-02
   1.7820041e-02
   1.5475584e-02
   3.0766295e-02
   2.8596583e-02
   2.0530409e-02
   1.7563485e-02
   2.0852574e-02
   1.8460907e-02
   1.6954748e-02
   2.4385951e-02
   1.7321726e-02
   1.6920813e-02
   1.4341703e-02
   1.3700802e-02
   1.3392032e-02
   1.4195230e-02
   1.5041513e-02
   1.4807132e-02
   1.5969532e-02
   1.7558298e-02
   1.7861297e-02
   1.5279012e-02
   1.5758469e-02
   1.7766804e-02
   1.5144851e-02
   1.7206427e-02
   1.6867878e-02
   2.0936883e-02
   1.8935441e-02
   1.4648300e-02
   2.0679511e-02
   2.0339666e-02
   2.2521793e-02
   1.9922343e-02
   2.1932834e-02
   2.1737680e-02
   1.9387602e-02
   1.9310599e-02
   2.4941509e-02
   2.2693123e-02
   1.7282767e-02
   1.6121795e-02
   2.1512943e-02
   1.9987336e-02
   2.8177236e-02
   2.5343073e-02
   2.2411393e-02
   2.1931166e-02
   1.8652524e-02
   2.1427417e-02
   1.9302973e-02
   1.9693749e-02
   1.9119335e-02
   2.1395668e-02
   2.4274390e-02
   2.1754093e-02
   2.4944807e-02
   2.6715691e-02
   2.1216809e-02
   1.8613571e-02
   2.1816572e-02
   2.3217197e-02
   1.9986237e-02
   2.1352710e-02
   1.8719276e-02
   1.9923055e-02
   2.4303127e-02
   2.1848244e-02
   1.8914476e-02
   1.9799631e-02
   1.4745293e-02
   2.0376414e-02
   1.8389567e-02
   1.5777961e-02
   1.5715263e-02
   1.4062487e-02
   1.4300309e-02
   1.5296360e-02
   1.3294668e-02
   1.5487567e-02
   1.8000442e-02
   2.3523765e-02
   1.8888654e-02
   2.1138259e-02
   2.5624702e-02
   2.4815380e-02
   2.2394166e-02
   2.7610561e-02
   2.2106400e-02
   2.2998346e-02
   2.4941567e-02
   2.8113176e-02
   2.4657994e-02
   2.5650229e-02
   2.5800747e-02
   4.1202903e-02
   2.3991254e-02
   2.5205021e-02
   3.2094120e-02
   2.7417944e-02
   3.4776809e-02
   2.8853513e-02
   2.6459980e-02
   2.3166993e-02
   3.3706125e-02
   3.0543967e-02
   2.7357268e-02
   2.6063966e-02
   2.2911515e-02
   2.0718040e-02
   2.6728719e-02
   2.7995440e-02
   2.6197694e-02
   2.9812848e-02
   2.8682419e-02
   3.2341690e-02
   2.9573337e-02
   2.9320541e-02
   2.9923880e-02
   3.1165691e-02
   2.9451033e-02
   2.1528141e-02
   1.9707450e-02
   2.2213728e-02
   2.4514693e-02
   1.9368744e-02
   2.6750098e-02
   2.8747498e-02
   2.2010479e-02
   2.1179061e-02
   2.1890870e-02
   2.7371930e-02
   2.1800299e-02
   2.1721934e-02
   2.7318898e-02
   2.5357884e-02
   2.8871692e-02
   2.9893943e-02
   3.0771130e-02
   3.5190767e-02
   3.5606806e-02
