   3.0612245e-02
   4.6798030e-02
   5.9850374e-02
   1.0250000e-01
   5.0000000e-02
   1.6548463e-02
   7.0422535e-03
   2.8235294e-02
   5.7356608e-02
   6.3660477e-02
   4.1237113e-02
   8.4656085e-02
   3.2835821e-02
   5.3892216e-02
   7.7611940e-02
   6.6666667e-02
   6.0869565e-02
   2.6239067e-02
   3.9634146e-02
   1.2865497e-01
   1.5652174e-01
   1.1940299e-01
   4.5592705e-02
   1.3392857e-01
   9.2537313e-02
   1.0658307e-01
   1.0645161e-01
   3.9325843e-02
   1.5616438e-01
   3.7572254e-02
   6.0869565e-02
   6.4676617e-02
   1.1528150e-01
   5.4687500e-02
   8.9108911e-02
   1.0994764e-01
   1.3352273e-01
   1.5406162e-01
   5.9139785e-02
   3.5230352e-02
   6.0526316e-02
   7.5916230e-02
   1.2269939e-01
   9.3922652e-02
   7.1794872e-02
   2.5981873e-01
   9.3085106e-02
   8.6734694e-02
   5.9113300e-02
   4.9504950e-02
   2.2277228e-02
   1.1021505e-01
   1.1666667e-01
   9.1922006e-02
   3.9603960e-02
   2.9023747e-02
   2.0304569e-02
   2.0501139e-02
   6.1810155e-02
   3.3175355e-02
   4.3126685e-02
   2.1390374e-02
   1.8766756e-02
   1.9021739e-02
   1.3440860e-02
   1.0610080e-02
   2.7638191e-02
   7.8740157e-03
   3.4852547e-02
   2.4752475e-02
   4.9627792e-03
   2.0202020e-02
   1.2787724e-02
   7.5566751e-03
   5.0632911e-03
   2.0356234e-02
   1.5306122e-02
   3.1088083e-02
   7.8740157e-03
   3.0927835e-02
   2.6809651e-02
   1.8617021e-02
   1.2953368e-02
   9.9009901e-03
   1.0230179e-02
   3.6553525e-02
   3.1026253e-02
   2.1327014e-02
   2.9661017e-02
   6.0150376e-02
   2.0100503e-02
   1.9753086e-02
   4.3181818e-02
   3.8461538e-02
   9.6256684e-02
   8.7765957e-02
   1.0054348e-01
   1.1989101e-01
   7.0844687e-02
   2.0942408e-02
   4.3478261e-02
   2.7472527e-02
   7.3604061e-02
   1.3424658e-01
   1.2607450e-01
   1.6246499e-01
   2.9213483e-01
   2.5274725e-01
   7.1428571e-02
   5.2777778e-02
   5.9490085e-02
   4.8991354e-02
   5.8171745e-02
   8.5470085e-02
   9.2957746e-02
   6.2322946e-02
   7.1428571e-02
   1.0250000e-01
   1.0584958e-01
   4.8780488e-02
   9.3994778e-02
   3.1460674e-02
   2.6966292e-02
   2.6607539e-02
   1.1312217e-02
   5.6603774e-02
   5.2631579e-02
   3.7647059e-02
   3.6117381e-02
   8.5271318e-02
   1.3119534e-01
   1.4117647e-01
   7.5794621e-02
   6.4000000e-02
   7.9268293e-02
   6.1162080e-02
   7.4074074e-02
   5.5045872e-02
   8.4745763e-02
   9.7633136e-02
   4.8192771e-02
   5.1051051e-02
   6.8656716e-02
   7.3746313e-02
   7.5801749e-02
   2.5862069e-02
   4.4077135e-02
   6.2130178e-02
   6.0344828e-02
   1.1331445e-01
   1.6666667e-01
   1.5428571e-01
   3.5714286e-02
   5.9375000e-02
   1.4024390e-01
   1.4052288e-01
   5.4347826e-02
   7.0351759e-02
   2.0754717e-01
   2.7844311e-01
   2.1885522e-01
   2.2259136e-01
   1.2377850e-01
   1.1987382e-01
   8.1433225e-02
   9.4512195e-02
   1.0122699e-01
   1.1858974e-01
   1.4191419e-01
   6.3333333e-02
   4.5751634e-02
   5.4487179e-02
   1.6969697e-01
   1.3513514e-01
   4.6822742e-02
   3.6544850e-02
   7.9207921e-02
   5.9375000e-02
   1.0509554e-01
   1.6387960e-01
   1.3719512e-01
   1.4982578e-01
   1.9256757e-01
   7.8231293e-02
   9.0909091e-02
   9.5384615e-02
   5.7575758e-02
   1.1562500e-01
   7.8431373e-02
   9.2651757e-02
   1.4098361e-01
   1.5463918e-01
   1.2847222e-01
   5.1724138e-02
   2.0689655e-02
   9.5238095e-02
   1.4760148e-01
   6.8840580e-02
   8.3941606e-02
   6.6420664e-02
   7.3260073e-02
   2.3247232e-01
   2.5291829e-01
   3.3460076e-01
   3.6575875e-01
   3.0827068e-01
   2.2602740e-01
   2.8825623e-01
   2.7737226e-01
   1.9330855e-01
   2.9602888e-01
   1.8881119e-01
   7.8947368e-02
   1.0408922e-01
   1.1895911e-01
   1.7454545e-01
   2.0833333e-01
   1.0408922e-01
   1.6853933e-01
   2.0599251e-01
   2.8776978e-01
   2.0155039e-01
   1.9259259e-01
   4.1533546e-02
   1.1036789e-01
   1.5511551e-01
   8.7108014e-02
   1.5693431e-01
   1.6044776e-01
   3.1226766e-01
   1.3483146e-01
   2.1189591e-01
   2.0912548e-01
   1.7735849e-01
   1.7110266e-01
   2.0377358e-01
   1.8918919e-01
   1.4339623e-01
   2.1978022e-01
   2.6104418e-01
   2.6923077e-01
   3.1153846e-01
   3.9147287e-01
   3.2950192e-01
   3.9080460e-01
   3.5222672e-01
   3.2283465e-01
   3.3061224e-01
   3.4181818e-01
   2.9718876e-01
   8.6666667e-02
   1.9413919e-01
   2.4727273e-01
   1.9855596e-01
   1.6666667e-01
   4.1666667e-02
   1.8918919e-01
   3.0943396e-01
   4.2264151e-01
   2.6591760e-01
   3.2295720e-01
   3.5074627e-01
   3.9393939e-01
   3.3090909e-01
