   2.3845859e-02
   2.4220966e-02
   2.4749518e-02
   3.1684420e-02
   2.3546459e-02
   2.1144164e-02
   1.8472794e-02
   1.9957013e-02
   3.7354639e-02
   3.2423098e-02
   2.4877742e-02
   3.0261340e-02
   2.3043049e-02
   2.7205802e-02
   3.0373692e-02
   2.8832116e-02
   2.7725570e-02
   2.1726903e-02
   2.7925860e-02
   3.4508750e-02
   3.8469600e-02
   3.4665308e-02
   2.5211145e-02
   3.8084766e-02
   2.9791464e-02
   3.5520889e-02
   3.7671415e-02
   2.4755944e-02
   3.8339829e-02
   2.5358242e-02
   2.7666440e-02
   2.8855059e-02
   3.3183986e-02
   2.6527354e-02
   3.2070737e-02
   3.5660741e-02
   3.8103999e-02
   4.9156100e-02
   2.7082610e-02
   2.4789356e-02
   2.7279209e-02
   3.0800787e-02
   3.5192808e-02
   2.8811542e-02
   4.5862783e-02
   4.7823758e-02
   3.2609757e-02
   2.8794043e-02
   3.6999867e-02
   2.7956650e-02
   2.1159051e-02
   3.3458930e-02
   3.4852825e-02
   2.9971714e-02
   2.2793791e-02
   2.2277099e-02
   2.1043827e-02
   2.0388482e-02
   3.2469582e-02
   2.2472574e-02
   2.2861177e-02
   1.9189249e-02
   1.8332862e-02
   1.8275221e-02
   1.7533685e-02
   1.4963439e-02
   1.9278897e-02
   1.8712986e-02
   2.2008224e-02
   1.8359043e-02
   1.4526779e-02
   2.0574759e-02
   1.9037518e-02
   1.7082921e-02
   1.5049034e-02
   1.9153126e-02
   1.6425776e-02
   2.2479697e-02
   1.5353661e-02
   2.1920193e-02
   2.1999208e-02
   2.0744071e-02
   1.7729107e-02
   1.8749191e-02
   1.7090701e-02
   2.2563285e-02
   4.7778851e-02
   2.0647286e-02
   2.0403088e-02
   2.6619947e-02
   2.1190865e-02
   2.1840669e-02
   2.5518843e-02
   2.6426422e-02
   3.5564094e-02
   3.5233680e-02
   4.2052245e-02
   4.6632484e-02
   4.6285573e-02
   2.0212160e-02
   2.3450283e-02
   2.1888391e-02
   2.9224451e-02
   3.5365063e-02
   3.6247201e-02
   4.4525573e-02
   6.3199790e-02
   4.8115903e-02
   3.3356858e-02
   2.6330380e-02
   2.4269089e-02
   2.7167587e-02
   2.9187141e-02
   3.1698095e-02
   3.2886917e-02
   2.8297239e-02
   2.7542590e-02
   3.3181584e-02
   3.2014316e-02
   2.7226601e-02
   3.4945650e-02
   2.1332467e-02
   4.7380198e-02
   2.5641611e-02
   1.6992479e-02
   2.5322356e-02
   3.0965176e-02
   2.4797154e-02
   2.3853957e-02
   3.4607470e-02
   3.9031459e-02
   3.6890418e-02
   3.2488403e-02
   2.6715389e-02
   3.0451130e-02
   3.3812986e-02
   2.9058423e-02
   2.6469589e-02
   3.5728496e-02
   3.1399412e-02
   2.4862574e-02
   2.5534408e-02
   4.1582143e-02
   2.9445465e-02
   2.8255343e-02
   2.2332904e-02
   2.4384997e-02
   2.8062325e-02
   2.7810060e-02
   3.6572873e-02
   4.2303066e-02
   6.5277452e-02
   2.3869709e-02
   2.9674221e-02
   4.2146992e-02
   3.8628235e-02
   2.7997282e-02
   3.6651626e-02
   4.3966509e-02
   5.5621771e-02
   5.4358146e-02
   5.8486333e-02
   4.0742898e-02
   3.5008021e-02
   4.1846625e-02
   3.4186986e-02
   5.2150090e-02
   3.7402052e-02
   3.9600147e-02
   2.9713185e-02
   2.7092012e-02
   2.9202816e-02
   6.1814728e-02
   4.4270895e-02
   2.9950126e-02
   2.4501814e-02
   3.9274653e-02
   3.1731737e-02
   3.5567958e-02
   4.1882300e-02
   3.6792099e-02
   4.2907566e-02
   4.1730555e-02
   3.9068142e-02
   3.2110048e-02
   3.4928102e-02
   2.6201376e-02
   5.4843442e-02
   3.9714792e-02
   5.7776837e-02
   3.8421903e-02
   4.7856853e-02
   5.2485315e-02
   2.5823539e-02
   2.4813094e-02
   4.0739883e-02
   4.2512946e-02
   2.8720164e-02
   2.7514893e-02
   2.9105673e-02
   2.8011706e-02
   6.3247654e-02
   7.0413122e-02
   8.5776591e-02
   8.0122741e-02
   4.8621718e-02
   5.9027536e-02
   6.2882028e-02
   7.8979416e-02
   5.3194110e-02
   7.9467519e-02
   4.4202490e-02
   2.8603525e-02
   3.4406600e-02
   3.4772121e-02
   3.7172081e-02
   6.3213024e-02
   3.1818374e-02
   4.7919682e-02
   4.0929189e-02
   5.6127392e-02
   4.3860464e-02
   4.5890369e-02
   2.3529738e-02
   5.5088436e-02
   4.4364452e-02
   3.8824361e-02
   4.9042585e-02
   5.2407951e-02
   8.0212821e-02
   3.6666837e-02
   6.5155405e-02
   4.2132148e-02
   5.5817966e-02
   3.7811872e-02
   6.5266478e-02
   4.5217962e-02
   3.5698475e-02
   6.0793110e-02
   4.9941009e-02
   6.9237801e-02
   6.5002012e-02
   8.4908980e-02
   6.2452250e-02
   8.6658863e-02
   6.8047316e-02
   6.9297601e-02
   7.3551759e-02
   6.4533459e-02
   7.1155212e-02
   3.1845565e-02
   4.7104513e-02
   6.1620333e-02
   5.9090398e-02
   5.6745990e-02
   3.1109247e-02
   4.4979462e-02
   5.4567874e-02
   6.8809910e-02
   7.7791977e-02
   1.0077183e-01
   5.3965716e-02
   7.7494843e-02
   7.1609801e-02
