   1.1779449e-01
   1.6504854e-01
   1.1622276e-01
   7.2139303e-02
   9.1584158e-02
   1.0178117e-01
   8.7301587e-02
   1.8136020e-01
   1.0372340e-01
   6.5963061e-02
   9.6000000e-02
   8.3333333e-02
   7.9670330e-02
   8.8154270e-02
   4.6448087e-02
   5.8823529e-02
   5.9620596e-02
   1.1331445e-01
   6.5395095e-02
   5.8171745e-02
   7.3033708e-02
   5.1351351e-02
   1.1202186e-01
   4.0214477e-02
   1.2189055e-01
   6.0606061e-02
   5.0709939e-02
   3.2558140e-02
   2.2522523e-02
   4.8832272e-02
   2.6060606e-01
   1.8518519e-01
   1.7325228e-01
   1.9335347e-01
   8.0118694e-02
   9.7058824e-02
   6.9135802e-02
   1.3366337e-01
   1.4202899e-01
   8.6848635e-02
   1.0256410e-01
   1.9701493e-01
   8.2066869e-02
   1.3939394e-01
   7.3394495e-02
   5.7401813e-02
   1.4939024e-01
   1.5047022e-01
   1.7500000e-01
   2.1835443e-01
   2.3948220e-01
   1.9741100e-01
   2.8524590e-01
   2.7124183e-01
   1.3931889e-01
   8.4375000e-02
   5.9006211e-02
   7.7160494e-02
   1.7981073e-01
   2.0327869e-01
   9.6463023e-02
   1.1038961e-01
   1.5460526e-01
   2.5597270e-01
   2.8911565e-01
   2.9209622e-01
   4.3272727e-01
   4.8550725e-01
   5.1985560e-01
   5.1838235e-01
   4.7636364e-01
   5.5471698e-01
   5.5719557e-01
   4.8913043e-01
   4.9814126e-01
   4.4074074e-01
   5.5471698e-01
   4.8314607e-01
   4.9626866e-01
   5.0929368e-01
   5.4850746e-01
   4.6545455e-01
   4.6478873e-01
   5.8270677e-01
   6.3257576e-01
   6.4015152e-01
   5.6826568e-01
   5.4545455e-01
   5.4716981e-01
   5.7142857e-01
   5.0000000e-01
   5.4440154e-01
   5.4166667e-01
   5.6106870e-01
   5.2107280e-01
   5.5859375e-01
   4.2804428e-01
   2.9670330e-01
   2.8260870e-01
   3.4191176e-01
   2.3674912e-01
   3.4042553e-01
   1.9163763e-01
   2.7338129e-01
   2.5714286e-01
   1.8637993e-01
   1.3879004e-01
   2.3487544e-01
   2.5714286e-01
   2.5714286e-01
   3.7545126e-01
   6.1776062e-01
   5.7633588e-01
   5.3558052e-01
   5.1408451e-01
   3.5540070e-01
   4.7463768e-01
   3.9603960e-01
   3.5943060e-01
   4.4160584e-01
   4.6212121e-01
   3.5897436e-01
   3.8628159e-01
   3.9259259e-01
   3.1446541e-01
   1.2368421e-01
   1.0133333e-01
   5.6994819e-02
   1.2694301e-01
   4.0836013e-01
   2.3529412e-01
   1.0123457e-01
   6.7010309e-02
   1.6524217e-01
   2.5705329e-01
   1.8694362e-01
   1.1111111e-01
   6.7685590e-02
   2.4324324e-01
   1.5522388e-01
   1.1869436e-01
   2.3475610e-01
   1.4159292e-01
   1.6422287e-01
   2.1114370e-01
   1.8805970e-01
   2.2256098e-01
   2.9595016e-01
   2.2255193e-01
   1.3134328e-01
   2.3823529e-01
   2.6376812e-01
   2.7893175e-01
   2.6331361e-01
   2.3054755e-01
   2.0000000e-01
   2.5203252e-01
   2.3361823e-01
   2.8486647e-01
   1.9653179e-01
   2.4242424e-01
   2.7272727e-01
   3.1629393e-01
   3.8906752e-01
   4.0312500e-01
   3.2407407e-01
   2.2321429e-01
   2.6443769e-01
   2.8125000e-01
   3.0218069e-01
   2.7987421e-01
   3.2587859e-01
   3.8709677e-01
   4.0836013e-01
   2.8125000e-01
   2.7927928e-01
   3.6190476e-01
   3.7241379e-01
   4.7222222e-01
   3.6148649e-01
   3.7966102e-01
   3.9249147e-01
   3.6734694e-01
   3.9936102e-01
   3.3850932e-01
   3.7581699e-01
   4.8172757e-01
   4.6464646e-01
   3.9189189e-01
   2.1449275e-01
   5.4304636e-01
   3.5064935e-01
   4.3812709e-01
   5.3356890e-01
   4.1077441e-01
   3.4323432e-01
   6.1648746e-01
   3.8205980e-01
   2.7795527e-01
   3.5000000e-01
   3.3015873e-01
   2.8134557e-01
   3.4640523e-01
   4.7079038e-01
   4.2424242e-01
   5.0689655e-01
   4.9819495e-01
   4.6666667e-01
