   3.1840336e-02
   3.7247565e-02
   3.2053527e-02
   2.8444893e-02
   3.0788925e-02
   2.9945498e-02
   3.1185441e-02
   3.9756596e-02
   3.2105834e-02
   2.5806311e-02
   3.0607711e-02
   2.9979339e-02
   3.0234932e-02
   3.0281508e-02
   2.5345158e-02
   2.7903242e-02
   2.8017706e-02
   3.5127409e-02
   2.8960981e-02
   3.0296823e-02
   2.8344639e-02
   2.8452426e-02
   3.3537476e-02
   2.5255584e-02
   3.4902957e-02
   2.6566888e-02
   2.3110371e-02
   2.2001797e-02
   1.9314549e-02
   2.3482161e-02
   4.2900484e-02
   3.9621901e-02
   3.7899403e-02
   3.6979990e-02
   3.0403908e-02
   3.1441262e-02
   2.6529788e-02
   3.4385590e-02
   3.4751707e-02
   2.7317134e-02
   3.1677542e-02
   3.9844286e-02
   3.2998250e-02
   3.5221636e-02
   2.9740262e-02
   2.8062942e-02
   3.6780413e-02
   3.5195112e-02
   3.6457252e-02
   4.1578506e-02
   4.0429330e-02
   3.9006721e-02
   4.2672792e-02
   4.2448816e-02
   3.5804725e-02
   2.9959139e-02
   2.9639186e-02
   2.9453353e-02
   3.9957509e-02
   4.2001522e-02
   3.1368005e-02
   3.3867388e-02
   3.5568226e-02
   4.5744654e-02
   4.8489251e-02
   5.1433339e-02
   6.0665521e-02
   6.1394336e-02
   6.2360892e-02
   6.6122463e-02
   9.3565573e-02
   8.6099832e-02
   7.8604926e-02
   6.7820655e-02
   1.0107322e-01
   6.2740825e-02
   1.0471202e-01
   9.6856297e-02
   6.5620233e-02
   6.4736641e-02
   6.7027979e-02
   5.8060940e-02
   6.8252225e-02
   7.6977367e-02
   7.7441156e-02
   7.8912711e-02
   7.0613155e-02
   7.5368814e-02
   7.4398392e-02
   7.2378522e-02
   7.0122589e-02
   9.4611704e-02
   9.5939552e-02
   9.2209395e-02
   7.5924267e-02
   8.4564394e-02
   6.8058256e-02
   4.9904524e-02
   4.6266752e-02
   5.0080890e-02
   4.4060912e-02
   5.2457379e-02
   3.9804881e-02
   4.4882541e-02
   4.2851779e-02
   3.8492889e-02
   3.4503082e-02
   3.9880783e-02
   4.2021253e-02
   4.5531112e-02
   6.5007803e-02
   8.4001793e-02
   1.1264988e-01
   8.1705555e-02
   6.8239739e-02
   6.0397262e-02
   6.8801437e-02
   6.6488839e-02
   6.0078804e-02
   6.2798048e-02
   6.5810334e-02
   5.7498559e-02
   5.8586879e-02
   6.8365494e-02
   5.2300384e-02
   3.2928111e-02
   2.9928448e-02
   2.4698021e-02
   3.7122330e-02
   5.8532894e-02
   4.5820911e-02
   3.0843132e-02
   2.5889884e-02
   3.6038757e-02
   4.0849828e-02
   3.6249424e-02
   3.1344181e-02
   2.5954024e-02
   4.1087433e-02
   3.4787157e-02
   3.4627865e-02
   4.1288803e-02
   3.6050358e-02
   3.6287383e-02
   3.8563540e-02
   3.8129082e-02
   4.1623457e-02
   4.4356422e-02
   3.9872013e-02
   3.3458908e-02
   4.9056990e-02
   5.0688134e-02
   4.7184026e-02
   4.5370500e-02
   4.6286291e-02
   6.5062078e-02
   4.1577498e-02
   4.0848619e-02
   4.8517059e-02
   4.2990589e-02
   4.2784803e-02
   4.5410182e-02
   5.2241391e-02
   5.9782053e-02
   5.7699545e-02
   4.9063357e-02
   4.2674676e-02
   4.4027899e-02
   4.6300985e-02
   5.0142818e-02
   4.8810022e-02
   5.0447391e-02
   5.8410671e-02
   6.5146360e-02
   5.3340698e-02
   4.7464417e-02
   5.4626059e-02
   5.9456765e-02
   6.6333360e-02
   6.0112620e-02
   6.2513483e-02
   6.0543782e-02
   5.6168751e-02
   6.9350340e-02
   6.2197242e-02
   5.9099313e-02
   7.0797873e-02
   6.6990828e-02
   5.9567331e-02
   4.6277988e-02
   7.4061635e-02
   6.0832082e-02
   7.6141371e-02
   8.4564818e-02
   6.8358507e-02
   6.5271482e-02
   9.6257328e-02
   6.2114485e-02
   6.0161736e-02
   6.1566035e-02
   5.3891337e-02
   4.7507765e-02
   5.4865671e-02
   7.3903485e-02
   6.5691504e-02
   7.9001309e-02
   6.9698293e-02
   6.8169654e-02
