   9.4907407e-02
   2.0242915e-03
   1.0098522e-01
   1.3118812e-01
   1.2000000e-01
   1.1680912e-01
   9.1644205e-02
   6.8421053e-02
   1.3256484e-01
   1.2295082e-01
   1.5742794e-01
   2.5563910e-01
   2.2443890e-01
   1.8393782e-01
   2.4403183e-01
   1.5223097e-01
   1.6666667e-01
   1.7884131e-01
   1.3440860e-01
   2.0289855e-01
   2.6979472e-01
   1.6714697e-01
   1.2607450e-01
   8.3798883e-02
   9.8039216e-02
   2.4431818e-01
   1.5193370e-01
   1.6253444e-01
   1.2777778e-01
   2.5212465e-01
   1.5476190e-01
   1.4626866e-01
   1.5254237e-01
   1.6426513e-01
   9.3841642e-02
   1.0416667e-01
   1.7199017e-01
   3.2054795e-01
   1.8716578e-01
   1.8956044e-01
   2.2994652e-01
   2.3560209e-01
   2.6430518e-01
   2.4331551e-01
   1.8537859e-01
   1.3994911e-01
   8.7356322e-02
   9.0308370e-02
   1.3225058e-01
   9.5011876e-02
   3.0848329e-01
   8.8744589e-02
   1.4988814e-01
   1.2643678e-01
   1.2621359e-01
   1.6431925e-01
   1.1347518e-01
   1.0623557e-01
   1.5714286e-01
   2.1103118e-01
   1.7675545e-01
   7.5862069e-02
   1.0755149e-01
   9.1324201e-02
   1.3053097e-01
   1.7865429e-01
   1.7471264e-01
   2.0567376e-01
   1.8246445e-01
   2.1462264e-01
   2.3514851e-01
   1.6067146e-01
   1.3625866e-01
   2.0802005e-01
   1.2128146e-01
   2.7295285e-01
   2.4879227e-01
   2.5118483e-01
   2.2921914e-01
   1.6489362e-01
   2.3513514e-01
   2.3118280e-01
   1.9565217e-01
   2.5333333e-01
   1.7548747e-01
   1.5193370e-01
   2.1487603e-01
   1.3756614e-01
   1.6666667e-01
   2.8051948e-01
   1.2335958e-01
   2.1259843e-01
   1.7595308e-01
   2.0991254e-01
   1.8075802e-01
   1.2391931e-01
   2.2459893e-01
   2.2222222e-01
   1.6091954e-01
   1.6438356e-01
   1.3832853e-01
   1.8956044e-01
   7.9545455e-02
   1.8784530e-01
   1.5714286e-01
   2.1351351e-01
   2.3280423e-01
   1.7539267e-01
   1.1200000e-01
   2.0259740e-01
   2.0110193e-01
   1.2318841e-01
   2.5000000e-01
   8.7431694e-02
   1.6480447e-01
   1.7176471e-01
   1.8823529e-01
   1.8598383e-01
   1.1602210e-01
   1.2628866e-01
   9.1160221e-02
   1.1048159e-01
   2.3123123e-01
   2.7456647e-01
   1.5105740e-01
   2.0786517e-01
   2.8857143e-01
   2.8531073e-01
   3.5734870e-01
   2.6702997e-01
   1.0198300e-01
   1.8662953e-01
   1.9946092e-01
   2.5654450e-01
   1.8604651e-01
   2.7027027e-01
   2.9940120e-01
   2.6139818e-01
   2.1700880e-01
   1.9473684e-01
   2.6426426e-01
   2.2186495e-01
   2.4924012e-01
   2.0820189e-01
   2.9220779e-01
   1.9364162e-01
   1.5634218e-01
   2.3893805e-01
   3.0254777e-01
   2.5925926e-01
   1.9243986e-01
   2.7715356e-01
   2.4468085e-01
   2.3848238e-01
   2.7146814e-01
   3.0303030e-01
   1.5100671e-01
   1.4606742e-01
   3.0136986e-01
   1.3768116e-01
   7.8066914e-02
   1.4022140e-01
   2.3188406e-01
   2.6568266e-01
   2.9710145e-01
   3.2733813e-01
   4.2708333e-01
   5.1125402e-01
   4.8012232e-01
   5.2710843e-01
   5.2812500e-01
   4.5253165e-01
   4.4585987e-01
   3.3962264e-01
   2.0063694e-01
   1.8333333e-01
   1.4765101e-01
   2.1621622e-01
   2.5589226e-01
   1.6891892e-01
   2.0477816e-01
   2.9054054e-01
   2.1254355e-01
   1.7363344e-01
   1.1842105e-01
   2.8093645e-01
   2.0486111e-01
   2.3630137e-01
   2.8911565e-01
   2.5085911e-01
   2.6870748e-01
   4.1216216e-01
   1.3194444e-01
   1.4583333e-01
   9.8245614e-02
   2.5441696e-01
   1.5277778e-01
   1.3058419e-01
   1.0238908e-01
   4.5936396e-02
   3.5211268e-02
   6.3604240e-02
   8.8652482e-02
   2.1126761e-01
   1.2867647e-01
   1.3380282e-01
   1.6896552e-01
   3.5401460e-01
   3.0526316e-01
   3.3941606e-01
   2.8880866e-01
   2.0557491e-01
   1.7142857e-01
   1.2765957e-01
   1.0000000e-01
   1.2949640e-01
   1.7192982e-01
   1.9743590e-01
   1.8014706e-01
   1.7081851e-01
   2.1014493e-01
   2.1428571e-01
   1.2773723e-01
   3.1578947e-01
   3.6559140e-01
   2.8148148e-01
   3.5611511e-01
   2.3758865e-01
   2.6811594e-01
   1.8571429e-01
   1.7543860e-01
   2.3214286e-01
   3.0175439e-01
   2.3843416e-01
   1.8840580e-01
   2.6643599e-01
   3.0546624e-01
   2.0494700e-01
   1.8493151e-01
   1.7197452e-01
   1.6551724e-01
   2.0359281e-01
   1.4452214e-01
   1.3272311e-01
   1.6417910e-01
   1.3285024e-01
   9.0909091e-02
   1.3500000e-01
   1.5869018e-01
   6.3965885e-02
   0.0000000e+00
   5.2516411e-02
   6.1224490e-03
   8.1466395e-02
   7.8091106e-02
   8.9935760e-02
   1.7096019e-01
   1.4634146e-01
   8.0645161e-02
   1.1650485e-01
   1.1192214e-01
   1.4955357e-01
   1.2206573e-01
   1.0280374e-01
   1.8295739e-01
   1.5957447e-01
   9.6256684e-02
   1.5404700e-01
   9.8666667e-02
   9.5671982e-02
   7.6481836e-03
   1.1299435e-01
   5.2154195e-02
   7.1593533e-02
