   3.2584719e-02
   1.3890987e-02
   3.3535879e-02
   3.5917156e-02
   3.3446554e-02
   3.2299480e-02
   3.2518500e-02
   2.9799594e-02
   3.5632490e-02
   3.5735557e-02
   4.4321392e-02
   5.1146137e-02
   5.3468731e-02
   4.0131294e-02
   5.1865108e-02
   4.0695076e-02
   4.5494632e-02
   4.1795532e-02
   3.7760529e-02
   5.0028369e-02
   5.2513732e-02
   4.3329746e-02
   3.8291597e-02
   3.5526487e-02
   3.1574641e-02
   4.7267102e-02
   3.5216144e-02
   4.0845945e-02
   3.8935345e-02
   5.4700446e-02
   4.6846062e-02
   3.6397884e-02
   3.6511936e-02
   3.8515613e-02
   3.3672304e-02
   3.5063420e-02
   4.9117244e-02
   5.7830598e-02
   4.3023871e-02
   4.7820923e-02
   5.2499478e-02
   6.1848637e-02
   5.1548818e-02
   5.3204605e-02
   4.4647444e-02
   3.5551990e-02
   3.5853053e-02
   2.9583750e-02
   6.9912076e-02
   3.1861040e-02
   7.1600039e-02
   3.4232684e-02
   4.1075339e-02
   3.6611191e-02
   3.7375522e-02
   3.9198783e-02
   3.6822364e-02
   3.4745894e-02
   4.1392431e-02
   5.2892543e-02
   4.6603993e-02
   3.0828223e-02
   3.1695310e-02
   3.4768149e-02
   4.4275410e-02
   4.3026809e-02
   4.9060179e-02
   4.7045072e-02
   5.1227122e-02
   4.8331794e-02
   5.1650290e-02
   4.2643860e-02
   4.0475294e-02
   4.8017201e-02
   4.0007065e-02
   5.6590383e-02
   5.3931653e-02
   5.2291767e-02
   5.0094319e-02
   4.6777825e-02
   4.9330518e-02
   4.8376353e-02
   4.6758951e-02
   5.4662016e-02
   4.5387284e-02
   4.1890544e-02
   4.7147357e-02
   3.9164792e-02
   4.1150353e-02
   5.1551613e-02
   3.4873976e-02
   4.7132109e-02
   4.0823919e-02
   4.8321325e-02
   4.2658793e-02
   4.2638045e-02
   5.0925394e-02
   4.8063192e-02
   4.0664276e-02
   4.2703277e-02
   3.7767490e-02
   4.8406390e-02
   3.3646981e-02
   4.3735645e-02
   3.7924210e-02
   4.2258919e-02
   5.0858555e-02
   4.9551628e-02
   3.3169866e-02
   4.6795049e-02
   5.5098509e-02
   4.0169989e-02
   5.2878761e-02
   3.1927514e-02
   3.8677762e-02
   4.6423574e-02
   4.7052711e-02
   4.0578665e-02
   3.4744728e-02
   3.8839778e-02
   3.5471800e-02
   3.8071574e-02
   4.7447490e-02
   5.0923977e-02
   4.5751100e-02
   5.1752381e-02
   5.1926624e-02
   6.2212185e-02
   6.3532288e-02
   5.3566455e-02
   3.5241377e-02
   5.5102437e-02
   5.2865618e-02
   5.4040125e-02
   3.9025368e-02
   5.2939821e-02
   5.8570675e-02
   5.6280750e-02
   4.7451040e-02
   5.3577931e-02
   5.5711963e-02
   5.4088560e-02
   5.5612669e-02
   5.2267089e-02
   5.4545376e-02
   4.4040247e-02
   3.7616603e-02
   4.8188329e-02
   5.4535532e-02
   5.6609966e-02
   4.0359723e-02
   4.5425578e-02
   5.0490642e-02
   4.9973570e-02
   5.9856962e-02
   5.6711776e-02
   4.6942132e-02
   5.1971218e-02
   7.6621021e-02
   3.8350170e-02
   3.1438676e-02
   3.6782396e-02
   4.1041248e-02
   4.5131951e-02
   4.6777108e-02
   5.8204489e-02
   7.2772620e-02
   9.5553507e-02
   7.9813774e-02
   7.9355062e-02
   8.2545556e-02
   7.6106937e-02
   7.3230376e-02
   5.1431459e-02
   4.4514365e-02
   4.2047711e-02
   3.6227840e-02
   4.4516851e-02
   4.5309671e-02
   4.1769719e-02
   4.4370339e-02
   5.0218139e-02
   5.2071781e-02
   4.1996938e-02
   3.6359273e-02
   5.7171016e-02
   4.5677614e-02
   4.7872727e-02
   5.0414236e-02
   4.7825140e-02
   5.8367910e-02
   6.8494007e-02
   4.2396770e-02
   3.9143921e-02
   3.2900541e-02
   5.2295876e-02
   4.5546108e-02
   3.7032910e-02
   3.9674658e-02
   2.6190320e-02
   2.4959263e-02
   2.9057941e-02
   3.4390488e-02
   4.9833314e-02
   4.1251738e-02
   3.5049763e-02
   3.7285247e-02
   6.7916624e-02
   5.7001323e-02
   5.5501167e-02
   5.7477637e-02
   4.8456705e-02
   3.9758827e-02
   3.5580645e-02
   3.4245312e-02
   3.6261738e-02
   4.1376067e-02
   4.8943662e-02
   3.5909353e-02
   4.7050363e-02
   4.4396272e-02
   4.5739831e-02
   4.1267244e-02
   5.5198875e-02
   5.3117574e-02
   4.6411605e-02
   5.8091561e-02
   5.6094683e-02
   5.2664786e-02
   4.2793566e-02
   4.2811746e-02
   4.8945925e-02
   5.8152642e-02
   4.7936271e-02
   3.8441514e-02
   4.3453073e-02
   6.8432401e-02
   4.1237183e-02
   4.1417727e-02
   4.5298971e-02
   3.9946775e-02
   5.2883303e-02
   5.0277250e-02
   3.9160498e-02
   4.0860124e-02
   3.7076204e-02
   3.2927875e-02
   3.5633236e-02
   4.8295219e-02
   2.8169643e-02
   9.9856061e-03
   2.7886885e-02
   1.6580170e-02
   3.4962884e-02
   3.3800968e-02
   4.0091037e-02
   4.7989119e-02
   4.2705657e-02
   3.2643586e-02
   3.4662380e-02
   3.6983853e-02
   4.2192083e-02
   3.8655333e-02
   3.3822655e-02
   4.2802718e-02
   4.1656300e-02
   3.4003617e-02
   3.4534994e-02
   3.0278749e-02
   3.0721877e-02
   1.4592227e-02
   4.2123172e-02
   2.6764616e-02
   3.3053390e-02
