   4.7040846e+01
   7.1552153e+01
   7.2929662e+01
   7.5233818e+01
   5.1148606e+01
   6.2366008e+01
   4.8553244e+01
   7.1661406e+01
   8.2843321e+01
   9.2144948e+01
   5.1611423e+01
   8.0774868e+01
   3.8627422e+01
   5.3890413e+01
   7.6783651e+01
   7.1256623e+01
   8.5563489e+01
   8.6385030e+01
   5.4048966e+01
   8.4990190e+01
   7.5501697e+01
   6.8543428e+01
   4.9509384e+01
   8.4705406e+01
   5.7883248e+01
   6.3813385e+01
   5.6412800e+01
   1.2517289e+02
   8.6173500e+01
   4.6268458e+01
   5.7353320e+01
   7.9722266e+01
   7.5648905e+01
   6.2560213e+01
   7.5616723e+01
   9.8021649e+01
   7.4651909e+01
   9.1651433e+01
   5.9064174e+01
   4.9709176e+01
   6.0316763e+01
   1.0717932e+02
   6.8031073e+01
   1.1124623e+02
   8.8902793e+01
   1.0058158e+02
   1.0685076e+02
   7.2707346e+01
   7.2999151e+01
   7.1057030e+01
   5.6944100e+01
   7.1029657e+01
   7.0147060e+01
   5.6724882e+01
   8.9608342e+01
   5.5240049e+01
   4.7400341e+01
   6.2379321e+01
   7.1025671e+01
   8.5808082e+01
   4.5007317e+01
   5.9611999e+01
   5.9872699e+01
   3.6879073e+01
   4.1477017e+01
   4.0711336e+01
   5.1533262e+01
   6.2893194e+01
   4.0009282e+01
   5.6268099e+01
   4.0233792e+01
   5.9221737e+01
   4.4938181e+01
   4.8377639e+01
   3.6257757e+01
   5.7306105e+01
   4.6966232e+01
   5.4627213e+01
   3.3846950e+01
   6.1320697e+01
   5.7108784e+01
   4.7499514e+01
   5.1149252e+01
   5.5785250e+01
   4.5686888e+01
   4.0688294e+01
   1.0192278e+02
   8.0844232e+01
   6.4592080e+01
   5.2164564e+01
   4.7344756e+01
   4.9615394e+01
   7.1851653e+01
   7.5792566e+01
   6.6998884e+01
   6.8499389e+01
   6.5339086e+01
   7.1602758e+01
   6.0168433e+01
   5.7897938e+01
   4.3588164e+01
   5.5454915e+01
   6.6215014e+01
   6.9967519e+01
   5.7209630e+01
   7.2410799e+01
   9.8733623e+01
   7.8834158e+01
   5.9723318e+01
   5.6866311e+01
   6.8630643e+01
   4.2834086e+01
   7.6398013e+01
   7.8058996e+01
   7.9492638e+01
   5.9528272e+01
   7.2023045e+01
   1.0189569e+02
   5.1783161e+01
   8.9709913e+01
   8.0209349e+01
   5.7969456e+01
   7.1732571e+01
   5.9143805e+01
   4.3946426e+01
   5.4732156e+01
   6.9998263e+01
   5.9631269e+01
   5.0096647e+01
   8.6793825e+01
   6.3216508e+01
   6.4438591e+01
   1.0522703e+02
   1.0706779e+02
   5.1919424e+01
   5.7620853e+01
   4.3406234e+01
   4.9691272e+01
   9.1964431e+01
   5.6804013e+01
   3.9316091e+01
   4.1724805e+01
   8.8020283e+01
   5.2753909e+01
   5.7276759e+01
   5.8963003e+01
   7.2971163e+01
   5.7825830e+01
   7.5565893e+01
   1.1349914e+02
   7.8189468e+01
   1.1396860e+02
   3.9558510e+01
   6.8577148e+01
   1.0130297e+02
   6.2710597e+01
   1.2432571e+02
   7.9770367e+01
   8.5032012e+01
   1.1862813e+02
   9.0428651e+01
   8.4784021e+01
   6.5534953e+01
   6.8848037e+01
   6.0210304e+01
   8.6665370e+01
   1.5797019e+02
   1.2013683e+02
   9.8714249e+01
   5.4032971e+01
   4.5758234e+01
   7.3504591e+01
   1.3967149e+02
   7.0449970e+01
   4.9579636e+01
   3.4706770e+01
   5.9869092e+01
   1.2406110e+02
   7.7237440e+01
   8.7290481e+01
   1.4188562e+02
   7.8078940e+01
   9.6963835e+01
   6.7023652e+01
   7.4150444e+01
   8.7046402e+01
   7.2487264e+01
   1.0825255e+02
   7.7113078e+01
   9.1163638e+01
   1.0069333e+02
   9.6607906e+01
   8.7867682e+01
   3.2774991e+01
   3.9652944e+01
   9.4343389e+01
   8.4683437e+01
   3.2293989e+01
   3.4324705e+01
   3.6836949e+01
   3.3101375e+01
   1.7101294e+02
   9.1194681e+01
   1.2630546e+02
   1.0698346e+02
   7.8163459e+01
   1.2097944e+02
   1.0604386e+02
   1.4362522e+02
   8.2985839e+01
   1.4119594e+02
   1.3193898e+02
   4.0146066e+01
   4.5918453e+01
   5.8585142e+01
   9.9574672e+01
   8.6252567e+01
   5.3677567e+01
   9.1232996e+01
   6.0121690e+01
   1.2415783e+02
   6.3782988e+01
   6.4659169e+01
   5.0649425e+01
   1.1133076e+02
   1.1944510e+02
   7.1864665e+01
   1.1548553e+02
   9.2614780e+01
   1.4241632e+02
   8.8065569e+01
   1.4209542e+02
   6.2626679e+01
   6.9628265e+01
   4.9585534e+01
   1.1036772e+02
   5.3468155e+01
   3.9909023e+01
   1.3543553e+02
   5.9677649e+01
   1.3493466e+02
   1.8187909e+02
   1.9387896e+02
   1.5734550e+02
   1.5007820e+02
   9.0285731e+01
   1.4307660e+02
   9.8883979e+01
   1.7766671e+02
   1.0063737e+02
   9.2903424e+01
   1.1456561e+02
   1.2930157e+02
   8.5704947e+01
   7.4347903e+01
   6.4187911e+01
   1.3120274e+02
   1.1592104e+02
   1.1176985e+02
   1.2589380e+02
   9.5645179e+01
   1.0299828e+02
   1.3243456e+02
   1.5677855e+02
