   3.1767830e+01
   4.3847944e+01
   3.6403933e+01
   4.0306580e+01
   2.3625751e+01
   2.7308274e+01
   5.5254703e+01
   2.8064154e+01
   7.6920129e+01
   6.6552218e+01
   5.7509323e+01
   1.5123814e+01
   3.9020489e+01
   3.5371088e+01
   2.1790370e+01
   3.4091528e+01
   3.7410434e+01
   2.7756571e+01
   3.5359478e+01
   3.0397460e+01
   3.8347194e+01
   3.0515070e+01
   6.3904296e+01
   6.7250452e+01
   4.7488608e+01
   4.6953805e+01
   3.7949984e+01
   9.8246524e+01
   5.6469316e+01
   7.8622924e+01
   8.5202105e+01
   2.7692912e+01
   5.2824574e+01
   6.7696700e+01
   4.3535917e+01
   4.3764847e+01
   3.7170182e+01
   4.8848955e+01
   3.4779355e+01
   3.5873883e+01
   5.4983182e+01
   2.8021945e+01
   3.6051444e+01
   4.2889142e+01
   4.9292804e+01
   4.0888261e+01
   6.1400461e+01
   5.4663594e+01
   5.9518315e+01
   3.4597602e+01
   4.4496376e+01
   6.2453500e+01
   4.5541648e+01
   3.9509602e+01
   6.0566137e+01
   5.7434951e+01
   5.0169634e+01
   4.6170093e+01
   3.7001115e+01
   4.5171013e+01
   5.7971379e+01
   8.6828086e+01
   9.9017738e+01
   3.2632415e+01
   3.7221313e+01
   4.8408789e+01
   3.0608039e+01
   2.3625758e+01
   2.0835768e+01
   2.2332113e+01
   3.9078497e+01
   4.1945457e+01
   6.4320856e+01
   5.2157650e+01
   4.0756021e+01
   3.8912135e+01
   4.8702866e+01
   4.1309164e+01
   4.2290952e+01
   4.1252462e+01
   4.3831705e+01
   3.8329267e+01
   5.9272425e+01
   3.9371885e+01
   2.5481559e+01
   2.6671662e+01
   2.0631182e+01
   2.3102803e+01
   4.8173603e+01
   4.3358454e+01
   3.8796946e+01
   3.7391944e+01
   4.3460329e+01
   4.6963149e+01
   2.6389339e+01
   2.7495290e+01
   2.4953703e+01
   2.3742375e+01
   3.2041902e+01
   2.3819319e+01
   2.2750589e+01
   4.3646210e+01
   4.5663298e+01
   6.5024271e+01
   4.5756898e+01
   5.7390246e+01
   3.8388314e+01
   5.6113336e+01
   4.9265801e+01
   6.8244116e+01
   5.7415738e+01
   3.6664898e+01
   5.1312804e+01
   8.5917811e+01
   4.3609190e+01
   6.3971562e+01
   5.0386562e+01
   7.2984384e+01
   5.0906849e+01
   6.4622508e+01
   6.4543015e+01
   4.5286997e+01
   4.7961441e+01
   5.4325774e+01
   3.9488780e+01
   3.9876285e+01
   9.1327437e+01
   7.3072183e+01
   6.7224138e+01
   6.5472532e+01
   7.0600596e+01
   5.4244666e+01
   1.2330629e+02
   4.4990008e+01
   8.2835033e+01
   5.3683623e+01
   6.4760034e+01
   4.7289761e+01
   3.6363970e+01
   3.6274082e+01
   6.4575188e+01
   4.9322989e+01
   3.0294843e+01
   3.2393320e+01
   3.2141205e+01
   4.7381720e+01
   5.8126123e+01
   8.1938477e+01
   5.8939641e+01
   6.3878982e+01
   8.2068632e+01
   5.0832446e+01
   4.5395091e+01
   3.9856363e+01
   4.3552766e+01
   4.3303680e+01
   8.9309418e+01
   5.0996948e+01
   7.0405145e+01
   5.7845424e+01
   5.7422072e+01
   7.1832283e+01
   7.9386175e+01
   5.7853415e+01
   8.8833336e+01
   6.6083419e+01
   4.1351124e+01
   5.7281806e+01
   6.6913310e+01
   5.3085878e+01
   6.9427358e+01
   5.8127556e+01
   9.2946789e+01
   6.6294064e+01
   6.4952405e+01
   1.0729408e+02
   4.1106897e+01
   4.1287878e+01
   6.4969586e+01
   3.5076312e+01
   3.0212149e+01
   5.5410761e+01
   5.9884750e+01
   3.0582440e+01
   5.5388326e+01
   5.2602585e+01
   3.4092439e+01
   5.0548204e+01
   7.9287504e+01
   3.6280205e+01
   2.3578979e+01
   3.3749623e+01
   3.4477045e+01
   3.5049371e+01
   4.3912908e+01
   4.2735212e+01
   6.3473366e+01
   2.4240716e+01
   7.7707743e+01
   2.4200277e+01
   1.0776054e+02
   3.1356603e+01
   9.1744367e+01
   8.6409064e+01
   9.7594575e+01
   6.0841350e+01
   6.2152881e+01
   5.9755976e+01
   6.7677608e+01
   9.3102797e+01
   7.9255958e+01
   3.5310588e+01
   4.4983271e+01
   7.1437868e+01
   8.5996573e+01
   5.8100123e+01
   4.7344095e+01
   5.5265490e+01
   5.5579544e+01
   5.0267711e+01
   8.5091501e+01
   2.7299341e+01
   3.3675091e+01
   8.7937328e+01
   3.5884866e+01
   3.3207653e+01
   4.7892126e+01
   1.0110763e+02
   4.5857665e+01
   9.7651008e+01
   8.4368591e+01
   9.6744468e+01
   1.2558322e+02
   1.1968025e+02
   3.3940310e+01
   7.4891638e+01
   3.9214503e+01
   4.9272408e+01
   7.5878958e+01
   4.6322106e+01
   3.2464926e+01
   6.1341881e+01
   4.8781737e+01
   4.5180623e+01
   4.8755781e+01
   3.2651128e+01
   3.5625025e+01
   3.1380637e+01
   4.0106373e+01
   4.2431932e+01
   3.2012655e+01
   3.8707464e+01
   2.4993829e+01
   3.3346273e+01
   3.2498292e+01
   4.1492111e+01
   2.5131974e+01
   3.9216832e+01
   2.8802688e+01
   2.1343933e+01
   2.4204070e+01
   3.6201320e+01
   3.2304377e+01
   2.9600032e+01
   6.7499036e+01
   4.2778100e+01
   3.9551315e+01
   3.0228986e+01
   3.5665940e+01
   5.0901626e+01
   5.5493281e+01
   2.6150180e+01
   3.2234322e+01
