   2.2026432e-03
   2.1929825e-03
   0.0000000e+00
   0.0000000e+00
   2.4937656e-03
   2.5252525e-03
   4.9261084e-03
   4.9627792e-03
   4.4943820e-03
   3.9920160e-03
   0.0000000e+00
   0.0000000e+00
   2.0366599e-03
   2.0876827e-03
   0.0000000e+00
   4.5871560e-03
   0.0000000e+00
   0.0000000e+00
   0.0000000e+00
   2.2075055e-03
   9.2165899e-03
   2.2522523e-03
   9.4786730e-03
   1.1627907e-02
   1.0101010e-02
   7.6530612e-03
   9.5693780e-03
   1.7114914e-02
   3.1413613e-02
   3.3254157e-02
   7.0754717e-03
   5.2356021e-03
   2.2727273e-02
   2.6763990e-02
   1.7663043e-01
   1.7520216e-01
   9.8930481e-02
   6.7357513e-02
   8.4210526e-02
   4.1237113e-02
   5.0761421e-02
   3.6939314e-02
   6.5963061e-02
   4.9479167e-02
   7.7540107e-02
   6.2176166e-02
   4.9140049e-02
   2.4943311e-02
   3.5874439e-02
   1.2931034e-02
   1.3392857e-02
   6.5727700e-02
   4.7505938e-03
   2.0881671e-02
   1.0893246e-02
   1.1792453e-02
   2.1126761e-02
   3.5294118e-02
   2.0408163e-02
   2.9748284e-02
   3.9647577e-02
   2.7551020e-01
   1.0714286e-01
   4.2462845e-03
   6.2761506e-03
   2.4122807e-02
   6.7114094e-03
   2.3419204e-03
   0.0000000e+00
   0.0000000e+00
   1.1574074e-02
   2.2271715e-02
   1.3856813e-02
   3.0952381e-02
   1.1337868e-02
   1.2195122e-02
   5.4631829e-02
   2.4813896e-03
   2.3364486e-03
   7.0422535e-03
   1.7199017e-02
   9.7686375e-02
   1.9370460e-02
   1.4814815e-02
   0.0000000e+00
   2.3094688e-03
   0.0000000e+00
   9.1533181e-03
   1.7602041e-01
   8.1683168e-02
   4.7146402e-02
   5.2238806e-02
   6.2650602e-02
   2.7522936e-02
   2.3201856e-03
   7.2289157e-03
   4.7505938e-03
   0.0000000e+00
   2.3584906e-03
   9.3676815e-03
   0.0000000e+00
   1.2285012e-02
   4.8543689e-02
   1.2378641e-01
   8.5574572e-02
   1.0148515e-01
   2.0887728e-02
   5.9113300e-02
   7.4441687e-02
   5.7692308e-02
   4.4386423e-02
   3.7837838e-02
   1.6081871e-01
   1.3896458e-01
   1.2176166e-01
   7.9365079e-02
   9.6418733e-02
   1.3801453e-01
   7.2941176e-02
   8.2474227e-02
   1.5733333e-01
   2.4362606e-01
   1.8750000e-01
   9.1623037e-02
   5.3846154e-02
   6.7183463e-02
   3.2513661e-01
   1.3054187e-01
   1.6915423e-01
   1.1658031e-01
   1.2857143e-01
   3.4261838e-01
   2.1983914e-01
   3.3435583e-01
   1.9325153e-01
   3.1428571e-01
   3.5757576e-01
   3.0722892e-01
   1.6959064e-01
   1.9825073e-01
   1.2261580e-01
   1.2112676e-01
   1.2968300e-01
   1.5204678e-01
   1.8047337e-01
   2.2560976e-01
   2.3030303e-01
   8.6592179e-02
   1.8624642e-01
   1.9590643e-01
   2.4057971e-01
   3.3529412e-01
   2.8445748e-01
   2.6239067e-01
   2.5787966e-01
   3.3146067e-01
   1.6666667e-01
   1.4492754e-02
   1.9693654e-02
   2.1739130e-03
   2.5581395e-02
   9.4117647e-03
   7.8624079e-02
   7.0175439e-02
   6.5375303e-02
   1.1398964e-01
   8.7765957e-02
   1.2566845e-01
   6.0759494e-02
   2.9970326e-01
   3.1547619e-01
   2.7076923e-01
   1.3753582e-01
   2.4085366e-01
   1.6233766e-01
   1.8674699e-01
   5.7507987e-02
   1.5822785e-02
   4.7887324e-02
   1.3440860e-02
   1.4005602e-02
   3.4574468e-02
   8.5790885e-02
   2.6470588e-02
   3.1428571e-02
   4.1543027e-02
   5.9701493e-03
   5.3412463e-02
   1.2500000e-01
   2.1406728e-02
   1.5243902e-02
   7.7380952e-02
   1.6716418e-01
   1.6467066e-01
   1.6413374e-01
   2.2188450e-01
   2.3493976e-01
   2.7777778e-02
   5.4216867e-02
   2.1538462e-02
   7.4404762e-02
   2.1604938e-02
   1.3274336e-01
   2.0895522e-01
   6.1329305e-01
   2.0668693e-01
   4.4000000e-01
   4.4545455e-01
   4.9397590e-01
   3.9142857e-01
   8.0838323e-02
   1.0030395e-01
   8.9285714e-02
   1.5014164e-01
   2.7011494e-01
   1.6913947e-01
   1.4450867e-01
   1.8857143e-01
   1.6905444e-01
   1.9662921e-01
   1.4745308e-01
   2.0172911e-02
   4.0462428e-02
   7.1232877e-02
   6.2500000e-02
   8.9080460e-02
   1.0989011e-01
   7.9404467e-02
   1.4571429e-01
   3.2658960e-01
   2.9824561e-01
   2.5779037e-01
   3.2162162e-01
   8.9622642e-02
   1.8484288e-03
   5.8708415e-03
   1.8484288e-03
   1.2931034e-02
   1.1764706e-02
   6.9084629e-03
   1.8248175e-03
   1.8691589e-03
   0.0000000e+00
   8.1300813e-03
   2.0202020e-03
   0.0000000e+00
   7.5614367e-03
   0.0000000e+00
   2.0120724e-03
   0.0000000e+00
   0.0000000e+00
   1.9267823e-03
   0.0000000e+00
   4.0160643e-03
   0.0000000e+00
   0.0000000e+00
   1.6920474e-03
   0.0000000e+00
   2.2522523e-03
   0.0000000e+00
   2.2471910e-03
   4.5248869e-03
   0.0000000e+00
   0.0000000e+00
   1.8726592e-03
   1.8939394e-03
   0.0000000e+00
   0.0000000e+00
   1.9193858e-03
   1.7482517e-03
   0.0000000e+00
   0.0000000e+00
   0.0000000e+00
