   1.3648111e-02
   1.4083476e-02
   1.3060262e-02
   1.3424181e-02
   1.3128940e-02
   1.3252596e-02
   1.6537686e-02
   1.5674575e-02
   1.4068692e-02
   1.3614525e-02
   1.0945207e-02
   9.1930206e-03
   1.3464141e-02
   1.2743741e-02
   1.0325772e-02
   1.2427681e-02
   1.0565916e-02
   1.2527977e-02
   1.1319059e-02
   1.5633919e-02
   1.8398369e-02
   1.4768407e-02
   1.6487608e-02
   1.8688760e-02
   2.0014389e-02
   1.9321660e-02
   1.7916540e-02
   2.0209478e-02
   2.2358807e-02
   2.2340594e-02
   5.0390737e-02
   1.8438876e-02
   2.2055886e-02
   2.3813499e-02
   3.6255734e-02
   3.7315837e-02
   3.1425746e-02
   3.0946050e-02
   3.2631233e-02
   2.7454226e-02
   2.7525991e-02
   2.7781089e-02
   2.9706480e-02
   2.8805743e-02
   3.0253740e-02
   2.9220574e-02
   2.6891035e-02
   2.1884825e-02
   4.7553086e-02
   1.7770568e-02
   2.0234341e-02
   2.6953664e-02
   1.8997374e-02
   2.1348288e-02
   4.5446706e-02
   1.9319435e-02
   2.1386670e-02
   2.4520819e-02
   2.2785204e-02
   2.3120172e-02
   2.3148201e-02
   4.3622248e-02
   3.3434335e-02
   1.7264644e-02
   1.7008243e-02
   2.8744183e-02
   1.8184796e-02
   1.2373198e-02
   9.7662661e-03
   1.2114231e-02
   1.6504278e-02
   2.1687957e-02
   4.8124142e-02
   1.9882931e-02
   1.8728215e-02
   1.8098376e-02
   2.5141358e-02
   1.5462113e-02
   1.4242886e-02
   1.9168453e-02
   2.2039221e-02
   3.0598654e-02
   2.0534091e-02
   1.8279314e-02
   1.4904196e-02
   1.1469912e-02
   1.0511299e-02
   1.2681542e-02
   3.6821827e-02
   2.9378715e-02
   2.8779257e-02
   2.7573285e-02
   2.7595093e-02
   2.1952827e-02
   1.4016563e-02
   1.7369964e-02
   1.5137376e-02
   1.3187969e-02
   1.6827931e-02
   1.6454394e-02
   1.4140829e-02
   2.0397704e-02
   2.6063822e-02
   3.3097018e-02
   2.9890714e-02
   3.2638850e-02
   2.2143786e-02
   2.7309889e-02
   2.8919071e-02
   2.8117884e-02
   2.5058313e-02
   2.5033599e-02
   3.8514332e-02
   3.6642875e-02
   3.3150700e-02
   3.0997482e-02
   2.8822053e-02
   5.9510391e-02
   2.8149015e-02
   2.8990800e-02
   3.6527250e-02
   4.0588762e-02
   3.8665854e-02
   3.2238680e-02
   2.7758159e-02
   2.9321483e-02
   5.5060201e-02
   3.3426598e-02
   3.6900363e-02
   3.3103191e-02
   3.2230310e-02
   4.7056180e-02
   4.0357252e-02
   4.7761614e-02
   3.8964393e-02
   5.2534071e-02
   5.0744906e-02
   4.5597638e-02
   3.7525196e-02
   3.7924853e-02
   3.3182716e-02
   3.4670359e-02
   3.4532990e-02
   3.5860638e-02
   3.6774782e-02
   4.2147498e-02
   4.4850357e-02
   3.2564375e-02
   3.8857170e-02
   4.4711911e-02
   4.4456753e-02
   4.8959827e-02
   4.4661746e-02
   4.3533105e-02
   4.2249599e-02
   4.7172645e-02
   3.6431157e-02
   3.7655489e-02
   2.3417204e-02
   1.8057697e-02
   2.3842945e-02
   2.1649997e-02
   2.8808484e-02
   2.9209768e-02
   2.6360970e-02
   3.2380950e-02
   2.9259250e-02
   3.6043571e-02
   2.7386821e-02
   4.4871726e-02
   4.6217266e-02
   4.3033511e-02
   3.7001936e-02
   4.2208216e-02
   3.8946183e-02
   4.2981223e-02
   2.7443465e-02
   4.6599492e-02
   2.4072777e-02
   2.1655725e-02
   1.7959494e-02
   2.1030753e-02
   2.7243810e-02
   2.4263807e-02
   2.7833330e-02
   2.7287729e-02
   2.0089353e-02
   2.9202811e-02
   3.4644023e-02
   2.2768077e-02
   2.1847169e-02
   2.9276291e-02
   3.6206332e-02
   3.7409211e-02
   3.9000390e-02
   4.1669200e-02
   4.1248658e-02
   2.4284832e-02
   3.1201106e-02
   2.3252593e-02
   2.9307839e-02
   2.5297977e-02
   3.5008216e-02
   4.3798760e-02
   9.0339006e-02
   4.4406111e-02
   5.7851853e-02
   5.6089269e-02
   6.1884414e-02
   5.3440274e-02
   3.1228633e-02
   3.2519342e-02
   3.7673922e-02
   3.6978594e-02
   4.7058780e-02
   4.4944245e-02
   3.7871779e-02
   3.9920421e-02
   3.9920910e-02
   3.9561678e-02
   3.4758763e-02
   2.5739271e-02
   2.9075246e-02
   2.8851058e-02
   2.8690207e-02
   3.0678955e-02
   3.0936793e-02
   3.1216208e-02
   4.3088945e-02
   7.5531814e-02
   7.8518370e-02
   6.4316256e-02
   6.7074384e-02
   3.7396209e-02
   1.4567391e-02
   1.8555781e-02
   1.3169449e-02
   1.8648230e-02
   1.7751830e-02
   2.7932345e-02
   1.1925330e-02
   1.3356226e-02
   1.1330891e-02
   1.6328998e-02
   1.3740451e-02
   1.2592200e-02
   1.2702425e-02
   1.0646188e-02
   1.4354943e-02
   1.3082749e-02
   1.0999471e-02
   1.2854904e-02
   1.3136065e-02
   1.7248247e-02
   1.4539355e-02
   1.1082628e-02
   9.7998584e-03
   1.5329160e-02
   1.7069743e-02
   1.7307630e-02
   1.8661202e-02
   1.9818235e-02
   1.8170520e-02
   1.7741628e-02
   1.4265933e-02
   1.4236636e-02
   9.0573807e-03
   1.0154410e-02
   1.3164543e-02
   1.1649154e-02
   1.0744668e-02
   1.2452443e-02
   1.5353133e-02
