   8.6387435e-02
   4.6838407e-02
   6.8181818e-02
   2.7190332e-02
   3.2258065e-02
   1.2707182e-01
   2.6666667e-02
   2.9556650e-02
   9.6852300e-03
   2.4390244e-02
   1.9047619e-02
   7.3891626e-03
   6.1381074e-02
   3.5264484e-02
   7.5757576e-03
   3.5623410e-02
   2.5125628e-03
   1.2531328e-02
   3.3942559e-02
   1.1709602e-02
   3.9506173e-02
   2.8423773e-02
   2.4752475e-03
   2.7707809e-02
   1.0050251e-02
   4.8543689e-03
   9.8522167e-02
   9.9009901e-03
   4.1666667e-02
   2.0134228e-02
   4.6082949e-02
   6.2500000e-02
   2.5839793e-03
   1.7994859e-02
   7.6726343e-03
   0.0000000e+00
   1.2755102e-02
   2.0202020e-02
   2.0618557e-02
   0.0000000e+00
   7.8740157e-03
   9.0909091e-02
   1.1627907e-02
   2.5352113e-02
   2.8735632e-03
   5.0632911e-03
   2.5974026e-02
   8.7301587e-02
   1.4673913e-01
   5.7306590e-03
   7.3746313e-02
   1.6616314e-01
   1.6413374e-01
   1.0975610e-01
   1.8553459e-01
   1.7283951e-01
   3.0503145e-01
   2.9617834e-01
   1.9558360e-01
   2.2388060e-01
   4.3076923e-02
   1.8181818e-01
   1.6564417e-01
   2.5418060e-01
   2.4092409e-01
   2.2711864e-01
   3.4228188e-01
   3.5472973e-01
   3.1683168e-01
   1.8322981e-01
   4.8929664e-02
   6.9565217e-02
   6.2111801e-02
   2.8571429e-02
   7.4675325e-02
   5.8064516e-02
   4.7770701e-02
   3.8961039e-02
   9.6875000e-02
   1.0062893e-01
   9.4462541e-02
   2.1926910e-01
   2.7303754e-01
   3.4121622e-01
   2.1698113e-01
   3.5494881e-01
   3.1833910e-01
   4.5791246e-01
   3.5161290e-01
   1.8895349e-01
   3.0232558e-01
   3.0448718e-01
   3.0100334e-01
   3.1543624e-01
   2.9411765e-01
   1.9601329e-01
   8.6513995e-02
   6.7193676e-02
   1.8786127e-01
   1.7207792e-01
   1.4067278e-01
   9.4339623e-02
   1.2578616e-01
   4.2682927e-02
   5.7575758e-02
   1.9745223e-01
   2.1656051e-01
   3.1543624e-01
   2.8523490e-01
   2.8145695e-01
   3.1372549e-01
   3.3003300e-01
   1.7445483e-01
   1.7956656e-01
   2.5245902e-01
   8.2474227e-02
   1.6581633e-01
   1.7037037e-01
   5.6250000e-02
   3.7168142e-02
   1.1969112e-01
   1.5151515e-02
   1.2944984e-02
   4.7923323e-03
   1.4634146e-02
   1.0771993e-02
   0.0000000e+00
   2.6041667e-02
   5.6710775e-03
   1.8072289e-02
   1.2195122e-02
   0.0000000e+00
   2.0449898e-03
   2.1321962e-03
   0.0000000e+00
   2.1141649e-03
   8.8691796e-03
   4.4345898e-03
   0.0000000e+00
   0.0000000e+00
   6.8965517e-03
   6.9767442e-03
   2.3419204e-03
   0.0000000e+00
   2.6570048e-02
   1.7073171e-02
   5.2453469e-02
   9.3309859e-02
   1.9900498e-02
   0.0000000e+00
   0.0000000e+00
   0.0000000e+00
   6.3897764e-03
   0.0000000e+00
   5.2724077e-03
   5.2539405e-03
   0.0000000e+00
   9.1911765e-03
   5.7581574e-03
   0.0000000e+00
   7.8125000e-03
   1.1009174e-02
   3.6231884e-03
   0.0000000e+00
   7.5614367e-03
   5.6179775e-03
   0.0000000e+00
   0.0000000e+00
   0.0000000e+00
   1.1111111e-02
   0.0000000e+00
   9.4936709e-03
   1.7064846e-03
   0.0000000e+00
   0.0000000e+00
   1.0869565e-02
   7.6190476e-03
   0.0000000e+00
   0.0000000e+00
   5.8939096e-03
   0.0000000e+00
   0.0000000e+00
   0.0000000e+00
   0.0000000e+00
   6.2370062e-03
   0.0000000e+00
   9.8619329e-03
   7.3664825e-03
   0.0000000e+00
   0.0000000e+00
   1.8108652e-02
   1.6701461e-02
   0.0000000e+00
   0.0000000e+00
   6.4377682e-03
   1.2793177e-02
   0.0000000e+00
   2.1645022e-03
   0.0000000e+00
   3.1809145e-02
   3.6217304e-02
   1.4583333e-02
   6.1224490e-03
   3.3126294e-02
   6.1728395e-03
   0.0000000e+00
   2.2088353e-02
   3.8387716e-03
   3.8387716e-03
   1.6728625e-02
   2.9079160e-02
   1.7142857e-02
   7.5614367e-03
   0.0000000e+00
   5.5970149e-03
   5.8365759e-03
   0.0000000e+00
   0.0000000e+00
   0.0000000e+00
   0.0000000e+00
   0.0000000e+00
   0.0000000e+00
   6.2111801e-03
   2.0283976e-03
   2.0920502e-03
   6.3424947e-03
   0.0000000e+00
   2.1321962e-03
   8.5836910e-03
   1.5655577e-02
   3.6398467e-02
   1.9646365e-03
   2.7237354e-02
   1.6129032e-02
   0.0000000e+00
   2.0220588e-02
   7.1684588e-03
   1.2441680e-02
   1.9927536e-02
   1.1538462e-02
   5.6285178e-03
   1.7793594e-03
   0.0000000e+00
   0.0000000e+00
   1.1904762e-02
   0.0000000e+00
   2.0449898e-03
   0.0000000e+00
   3.6679537e-02
   1.5503876e-02
   8.0160321e-03
   0.0000000e+00
   8.0645161e-03
   2.0533881e-03
   0.0000000e+00
   2.0202020e-03
   1.7786561e-02
   1.1235955e-02
   0.0000000e+00
   2.0637899e-02
   1.8726592e-03
   0.0000000e+00
   0.0000000e+00
   9.1074681e-03
   2.8469751e-02
   1.7793594e-03
   5.5452865e-03
   5.5350554e-03
   0.0000000e+00
   5.5045872e-03
   0.0000000e+00
   0.0000000e+00
   2.0446097e-02
   1.0989011e-02
   0.0000000e+00
   0.0000000e+00
   0.0000000e+00
   1.9455253e-02
   0.0000000e+00
   0.0000000e+00
   0.0000000e+00
   0.0000000e+00
   1.5209125e-02
   0.0000000e+00
   1.5597920e-02
   5.2631579e-03
   1.3769363e-02
