   4.0423964e-02
   4.5015064e-02
   3.8741242e-02
   2.5360661e-02
   2.4322853e-02
   5.7863981e-02
   3.9678071e-02
   4.5709190e-02
   1.7053186e-02
   4.9737751e-02
   1.8100776e-02
   1.6985650e-02
   4.8304951e-02
   2.5586373e-02
   1.8070289e-02
   2.6173817e-02
   1.4416193e-02
   1.7055783e-02
   3.7485907e-02
   2.9874523e-02
   4.7584259e-02
   3.8975411e-02
   1.3764731e-02
   3.9052990e-02
   3.4192810e-02
   1.2955300e-02
   6.1538366e-02
   1.4029054e-02
   2.9903767e-02
   3.1136993e-02
   3.7617313e-02
   4.9356405e-02
   1.5179460e-02
   2.9742986e-02
   1.7538996e-02
   1.4424410e-02
   1.7245674e-02
   1.8637558e-02
   1.9808230e-02
   1.5354552e-02
   1.8036926e-02
   4.1031454e-02
   2.2023706e-02
   3.9543771e-02
   1.8951996e-02
   1.7842489e-02
   2.8745367e-02
   4.4300650e-02
   6.0382094e-02
   2.1864194e-02
   3.6670944e-02
   6.1047428e-02
   4.8962364e-02
   8.4423945e-02
   4.7070468e-02
   8.0699144e-02
   8.3725010e-02
   7.9700494e-02
   6.4426737e-02
   7.8657239e-02
   3.4066541e-02
   7.5509534e-02
   7.8952265e-02
   9.1593894e-02
   6.1050782e-02
   5.8412211e-02
   1.1703067e-01
   9.0978725e-02
   8.4168737e-02
   9.8159602e-02
   3.6598282e-02
   8.6286882e-02
   5.9555027e-02
   2.4648384e-02
   3.7200580e-02
   2.8103840e-02
   4.0791063e-02
   6.5307465e-02
   7.0411270e-02
   6.4634069e-02
   3.8122253e-02
   5.1887817e-02
   7.3499646e-02
   1.0231542e-01
   7.5997993e-02
   9.8097256e-02
   9.4875588e-02
   1.2228945e-01
   9.9487963e-02
   7.2257715e-02
   9.5537698e-02
   1.0157183e-01
   9.6052226e-02
   1.0695357e-01
   1.0223675e-01
   6.3970197e-02
   6.7364131e-02
   4.9517314e-02
   4.7950360e-02
   4.9968237e-02
   5.7804717e-02
   8.1041607e-02
   4.6590684e-02
   3.7791953e-02
   4.6201305e-02
   7.1969982e-02
   7.5067867e-02
   6.0577201e-02
   6.9563138e-02
   9.3306782e-02
   8.7311253e-02
   9.3793432e-02
   6.1432865e-02
   7.2415789e-02
   9.4606051e-02
   4.5724804e-02
   5.0038149e-02
   6.5782770e-02
   3.4829765e-02
   3.2105358e-02
   6.8203831e-02
   1.5631219e-02
   1.5024252e-02
   1.1271625e-02
   3.9051248e-02
   1.1824039e-02
   6.9060576e-03
   2.4164799e-02
   1.2354331e-02
   4.1155304e-02
   1.4889908e-02
   7.5026966e-03
   8.9928397e-03
   8.6241096e-03
   9.7315314e-03
   1.2282527e-02
   2.8809028e-02
   1.1551581e-02
   8.9698621e-03
   1.0194440e-02
   1.3663863e-02
   1.3815815e-02
   1.1133110e-02
   9.9945373e-03
   4.7814103e-02
   3.9919859e-02
   3.2851097e-02
   7.2102468e-02
   2.7460872e-02
   6.0527278e-03
   5.9152923e-03
   5.7148874e-03
   1.0681715e-02
   7.6844549e-03
   1.4500409e-02
   1.0055450e-02
   7.4745346e-03
   2.7693371e-02
   1.8046219e-02
   6.8258299e-03
   1.8200275e-02
   3.0779089e-02
   1.0765367e-02
   7.5768842e-03
   1.2090631e-02
   1.9527614e-02
   7.0349607e-03
   7.2238741e-03
   6.8289332e-03
   2.4222961e-02
   7.8714023e-03
   1.2190601e-02
   9.8443518e-03
   7.3060439e-03
   7.2109702e-03
   2.7799228e-02
   2.0729459e-02
   9.2858737e-03
   9.6813214e-03
   2.0981234e-02
   9.6668719e-03
   9.0228533e-03
   1.0617379e-02
   9.8824747e-03
   2.8326725e-02
   1.1990950e-02
   4.6016162e-02
   1.1017732e-02
   8.6487929e-03
   8.3899793e-03
   1.5799868e-02
   1.6183641e-02
   8.7040613e-03
   9.2049005e-03
   3.0599693e-02
   1.5992536e-02
   1.0227181e-02
   1.0631062e-02
   1.1535552e-02
   2.7749232e-02
   4.2604848e-02
   1.6072751e-02
   1.3358938e-02
   2.4154609e-02
   1.4143227e-02
   1.1774112e-02
   2.2381773e-02
   1.0366230e-02
   1.1724116e-02
   1.5890541e-02
   5.2711272e-02
   1.8162651e-02
   1.2883365e-02
   8.6531287e-03
   9.5031417e-03
   1.6430433e-02
   8.3880679e-03
   9.7404178e-03
   9.0225687e-03
   8.8868469e-03
   9.2977789e-03
   1.0493650e-02
   1.3903989e-02
   1.2456985e-02
   1.4547355e-02
   2.7228654e-02
   1.4477524e-02
   1.4451891e-02
   1.5380231e-02
   1.6961162e-02
   2.3310950e-02
   1.2381382e-02
   2.1288001e-02
   1.5266385e-02
   8.2510605e-03
   3.9078847e-02
   1.1738870e-02
   1.7642554e-02
   3.7696634e-02
   2.9011503e-02
   1.5237888e-02
   9.2326590e-03
   8.1611592e-03
   9.6839488e-03
   2.5087585e-02
   1.1533178e-02
   1.2644745e-02
   1.2528492e-02
   3.6853828e-02
   3.3306976e-02
   1.2876631e-02
   1.1067832e-02
   1.2913015e-02
   1.1326769e-02
   9.7283430e-03
   9.1347931e-03
   4.2021545e-02
   1.3648476e-02
   8.6197448e-03
   3.7507948e-02
   9.8739243e-03
   6.8715687e-03
   6.6595445e-03
   1.8319568e-02
   4.8402340e-02
   8.6540880e-03
   1.7287019e-02
   1.7570837e-02
   6.8457561e-03
   1.9940554e-02
   7.5352406e-03
   7.5499594e-03
   2.3998800e-02
   1.5027874e-02
   7.7777477e-03
   7.8450023e-03
   8.3543674e-03
   2.0653242e-02
   8.2130611e-03
   8.4982531e-03
   8.4524056e-03
   8.4159844e-03
   2.1715452e-02
   7.9559983e-03
   1.5882421e-02
   1.2976970e-02
   3.4384807e-02
