   7.8544019e+02
   7.1520190e+02
   7.7013403e+02
   9.0491406e+02
   8.7942554e+02
   8.3791699e+02
   8.0122632e+02
   7.4064429e+02
   7.2708813e+02
   7.3219458e+02
   7.1415039e+02
   7.4047607e+02
   7.6952588e+02
   7.5510864e+02
   7.5860449e+02
   7.6373584e+02
   7.5332861e+02
   7.5267505e+02
   7.8414648e+02
   7.0575000e+02
   7.4356665e+02
   7.7661621e+02
   7.4173413e+02
   7.5650586e+02
   7.5471289e+02
   7.2653394e+02
   7.4268896e+02
   7.4140674e+02
   7.3430786e+02
   6.8036938e+02
   7.0343213e+02
   7.8610083e+02
   7.7239868e+02
   7.7025244e+02
   7.6896362e+02
   7.6224048e+02
   7.6536719e+02
   7.5739038e+02
   7.7530273e+02
   7.7438477e+02
   7.8629858e+02
   8.1029932e+02
   8.7056738e+02
   8.4559570e+02
   8.5990576e+02
   7.7079004e+02
   7.7927563e+02
   7.9403296e+02
   8.1578955e+02
   8.5753662e+02
   8.8521558e+02
   9.0783472e+02
   9.1434229e+02
   9.1786011e+02
   9.4486548e+02
   9.3342969e+02
   9.5003491e+02
   9.6566089e+02
   9.5030371e+02
   9.0849487e+02
   9.2077563e+02
   9.4192163e+02
   9.3327441e+02
   1.0107546e+03
   9.9779175e+02
   1.0171172e+03
   1.0171167e+03
   1.0220408e+03
   9.9903394e+02
   9.4460010e+02
   9.1767920e+02
   8.8195581e+02
   9.3124390e+02
   9.5375684e+02
   9.7139795e+02
   9.6615381e+02
   9.6145630e+02
   9.7203809e+02
   9.4593848e+02
   9.5572095e+02
   9.7635083e+02
   1.0011777e+03
   1.0269502e+03
   1.0255696e+03
   9.5766772e+02
   1.0317791e+03
   1.0432368e+03
   1.0192844e+03
   9.7573218e+02
   8.8286426e+02
   1.0065466e+03
   9.7594702e+02
   1.0155352e+03
   1.0252947e+03
   1.0480295e+03
   1.0047148e+03
   7.8701416e+02
   6.2964502e+02
   8.8765088e+02
   9.7372583e+02
   9.2404346e+02
   9.4449097e+02
   9.4276099e+02
   9.1873218e+02
   9.1415210e+02
   9.5910693e+02
   9.6394019e+02
   1.0108672e+03
   1.0105608e+03
   1.0004985e+03
   9.8945508e+02
   9.9927393e+02
   9.4377002e+02
   9.3616577e+02
   9.9161450e+02
   7.8583667e+02
   7.7050464e+02
   7.5792432e+02
   6.5304810e+02
   5.8531689e+02
   5.9050488e+02
   5.0544751e+02
   4.8566675e+02
   4.7869873e+02
   4.8873706e+02
   5.3818799e+02
   5.2084521e+02
   5.2472632e+02
   5.6892896e+02
   6.0393579e+02
   6.1090332e+02
   6.2202979e+02
   6.1318140e+02
   6.3865698e+02
   6.2551343e+02
   6.3520215e+02
   6.6541675e+02
   6.6619824e+02
   6.7374194e+02
   6.8706909e+02
   6.8976733e+02
   6.9759839e+02
   7.0144360e+02
   7.2714307e+02
   7.2514014e+02
   7.3209399e+02
   5.4821704e+02
   5.4230225e+02
   4.9774219e+02
   4.6713013e+02
   4.6560205e+02
   4.6535962e+02
   4.7922534e+02
   5.0849829e+02
   5.2654614e+02
   5.2547852e+02
   5.6264575e+02
   5.5281519e+02
   5.7534985e+02
   5.7358447e+02
   5.8525342e+02
   5.5282568e+02
   5.4533398e+02
   5.4993726e+02
   5.6779272e+02
   5.6159497e+02
   5.6018262e+02
   5.5738940e+02
   5.5895923e+02
   5.5589307e+02
   5.1450366e+02
   4.8154907e+02
   5.1676538e+02
   5.6146582e+02
   5.7179688e+02
   5.4664844e+02
   5.7100757e+02
   5.8766797e+02
   5.8582666e+02
   5.8927222e+02
   5.9469458e+02
   5.9349512e+02
   6.0642798e+02
   6.0537573e+02
   6.2259546e+02
   6.2632446e+02
   5.9737769e+02
   5.5305908e+02
   6.0835791e+02
   6.1823950e+02
   6.0495776e+02
   6.2772095e+02
   6.4152173e+02
   6.4211401e+02
   6.4384570e+02
   6.4197485e+02
   6.4823218e+02
   6.4901270e+02
   6.4611133e+02
   6.0369678e+02
   6.0870532e+02
   6.2541406e+02
   6.1298267e+02
   6.2443701e+02
   6.1952466e+02
   6.2694849e+02
   6.0512793e+02
   5.7573975e+02
   5.7667798e+02
   5.6156494e+02
   4.9476782e+02
   5.7380176e+02
   5.6703516e+02
   5.6129102e+02
   5.5968213e+02
   5.8481763e+02
   5.9169141e+02
   5.9125269e+02
   5.9410010e+02
   5.9736841e+02
   6.0357495e+02
   6.0302393e+02
   6.2149658e+02
   6.0939990e+02
   6.2694019e+02
   6.3415845e+02
   6.4308447e+02
   6.3947339e+02
   6.4381592e+02
   5.8901196e+02
   5.8075098e+02
   5.8975244e+02
   5.8649927e+02
   6.0649121e+02
   5.9985034e+02
   5.5521484e+02
   5.3801294e+02
   4.7519336e+02
   5.5572974e+02
   5.7791846e+02
   5.6276855e+02
   5.3592407e+02
   5.6449878e+02
   5.8604419e+02
   5.9475635e+02
   6.0803638e+02
   6.1253442e+02
   6.1457935e+02
   5.8490210e+02
   5.8363110e+02
   6.0157935e+02
   6.1821265e+02
   6.0532983e+02
   6.1462646e+02
   6.1636328e+02
   6.0467188e+02
   5.9495386e+02
   5.6264648e+02
   5.5489014e+02
   5.6485474e+02
   5.6195288e+02
   5.6378516e+02
   5.6027051e+02
   5.4716553e+02
   5.3819116e+02
   5.3359790e+02
   5.5360449e+02
   5.5334058e+02
   5.4193384e+02
   5.5055933e+02
   5.5941455e+02
   5.6558154e+02
   5.5809839e+02
   5.5070020e+02
   5.6861499e+02
   5.7373511e+02
   5.6802856e+02
   5.8421875e+02
   5.7001465e+02
   5.7433936e+02
   5.7767212e+02
   5.8256738e+02
   5.7220923e+02
   5.2385156e+02
   5.2184741e+02
   5.2758252e+02
   5.2475684e+02
