   4.9858852e+01
   9.3460612e+01
   1.1138574e+02
   3.2546628e+01
   3.8865019e+01
   9.1072130e+01
   4.9025665e+01
   5.2406821e+01
   3.9752719e+01
   4.5191585e+01
   4.0377914e+01
   4.9574491e+01
   5.6960937e+01
   3.7495444e+01
   4.0825886e+01
   4.9465066e+01
   2.6696127e+01
   3.7909720e+01
   5.0555252e+01
   6.4067665e+01
   5.9285221e+01
   4.8734061e+01
   2.7734664e+01
   4.8087049e+01
   3.1862051e+01
   2.6599023e+01
   6.0573695e+01
   2.9499373e+01
   3.6223512e+01
   8.2050338e+01
   9.8771622e+01
   6.5947975e+01
   2.3702532e+01
   3.0216843e+01
   4.8947785e+01
   2.1776263e+01
   3.4887714e+01
   4.6439722e+01
   4.8579787e+01
   3.2179562e+01
   3.3113044e+01
   8.7979103e+01
   2.5980444e+01
   4.5761265e+01
   2.6815034e+01
   9.6354529e+01
   2.8140055e+01
   4.3912335e+01
   5.2645956e+01
   3.3368269e+01
   4.6584718e+01
   6.5348860e+01
   6.5977748e+01
   7.2998478e+01
   7.6146053e+01
   8.8748047e+01
   1.0284110e+02
   1.0195479e+02
   8.8112854e+01
   1.1007074e+02
   4.4645331e+01
   6.8570504e+01
   1.0896804e+02
   1.0035524e+02
   9.9751018e+01
   7.4004316e+01
   1.1021143e+02
   1.1570000e+02
   1.0023342e+02
   1.2094694e+02
   6.2652743e+01
   1.1001275e+02
   5.4746331e+01
   3.6591037e+01
   5.0672034e+01
   3.8676483e+01
   8.4750338e+01
   4.7226594e+01
   8.8196778e+01
   1.1665475e+02
   4.5095310e+01
   7.2409739e+01
   8.8289973e+01
   1.1771994e+02
   1.2969478e+02
   1.0552588e+02
   9.2845263e+01
   1.1387018e+02
   1.0823090e+02
   1.1271463e+02
   1.0488958e+02
   1.3945662e+02
   1.2026953e+02
   1.4796603e+02
   1.1333412e+02
   1.1137510e+02
   1.5314058e+02
   1.7092476e+02
   1.3550772e+02
   5.7868668e+01
   9.1337502e+01
   6.3219797e+01
   5.5189342e+01
   6.7415927e+01
   8.5340010e+01
   7.5604842e+01
   1.0249219e+02
   8.1029815e+01
   9.7139602e+01
   9.8928084e+01
   1.0560239e+02
   1.1481836e+02
   1.0304153e+02
   9.7565742e+01
   1.1013995e+02
   1.0298942e+02
   7.0171978e+01
   1.2599942e+02
   1.4518467e+02
   2.0659175e+02
   1.0036304e+02
   2.4491033e+01
   2.1097646e+01
   1.7110816e+01
   3.8973720e+01
   1.8988984e+01
   4.6815748e+01
   5.4190273e+01
   4.2965245e+01
   4.2493197e+01
   3.8739661e+01
   2.2790399e+01
   2.3995279e+01
   2.3855605e+01
   4.0628503e+01
   3.7827017e+01
   3.1416698e+01
   4.3974088e+01
   2.3274988e+01
   2.1003003e+01
   3.3241218e+01
   3.5593837e+01
   3.0614907e+01
   1.4829929e+01
   4.3080297e+01
   3.7875340e+01
   1.6250849e+02
   1.0599621e+02
   2.5335318e+01
   1.5607797e+01
   1.1602654e+01
   1.4698029e+01
   1.8668779e+01
   1.9109708e+01
   1.5443127e+01
   2.2766523e+01
   1.4908831e+01
   3.6902026e+01
   1.9609021e+01
   1.3221018e+01
   2.1222428e+01
   4.4791945e+01
   3.7778899e+01
   1.8783497e+01
   4.0283328e+01
   2.1348410e+01
   2.2637459e+01
   1.5746185e+01
   1.4682544e+01
   2.4343438e+01
   3.5843241e+01
   5.8253578e+01
   5.2243526e+01
   1.9021620e+01
   1.1964263e+01
   4.4297060e+01
   2.2768049e+01
   1.2300118e+01
   1.4440218e+01
   1.9299778e+01
   1.6563350e+01
   2.5152186e+01
   2.2551803e+01
   2.2947393e+01
   2.4745358e+01
   1.7315755e+01
   6.7263426e+01
   3.5697918e+01
   2.9507464e+01
   2.2440708e+01
   4.3660830e+01
   4.7165326e+01
   2.4179387e+01
   2.8885534e+01
   3.0880258e+01
   4.7109237e+01
   2.3486677e+01
   2.4196072e+01
   2.5493877e+01
   6.6601146e+01
   6.9054255e+01
   4.1000449e+01
   2.9703417e+01
   6.1253132e+01
   4.2370710e+01
   2.7821883e+01
   4.7326396e+01
   2.8250219e+01
   3.7482396e+01
   5.1491675e+01
   7.7371735e+01
   4.3296155e+01
   3.2812298e+01
   2.7157341e+01
   2.9474867e+01
   2.9534784e+01
   9.5364084e+00
   1.3654318e+01
   1.2065683e+01
   1.1924417e+01
   1.3477417e+01
   2.4551795e+01
   3.3150377e+01
   3.4376998e+01
   2.8323546e+01
   2.5960993e+01
   2.3041104e+01
   2.3061171e+01
   2.5501577e+01
   4.6252755e+01
   6.9090145e+01
   3.2515697e+01
   5.3057363e+01
   3.7999941e+01
   2.0924162e+01
   5.9020832e+01
   2.9265474e+01
   6.5503130e+01
   8.5519605e+01
   2.9396946e+01
   3.0047966e+01
   3.6411846e+01
   2.3841602e+01
   1.4280301e+01
   2.2011801e+01
   1.0869113e+01
   1.7245573e+01
   2.7864000e+01
   6.4259995e+01
   5.1361073e+01
   3.2085106e+01
   1.2987848e+01
   3.1766353e+01
   2.2466453e+01
   1.9474798e+01
   1.4700137e+01
   5.1659130e+01
   3.6341670e+01
   2.0316546e+01
   4.3655407e+01
   2.5069739e+01
   1.1418052e+01
   1.1138317e+01
   2.7312284e+01
   6.3228619e+01
   2.4011112e+01
   1.3901408e+01
   1.4645522e+01
   2.2317506e+01
   2.1722130e+01
   1.1173229e+01
   2.5158316e+01
   3.1011477e+01
   2.9331126e+01
   1.4466380e+01
   1.6050938e+01
   2.4274839e+01
   3.3342468e+01
   2.5035824e+01
   1.5790882e+01
   1.6606901e+01
   1.4800137e+01
   3.9805012e+01
   3.6057449e+01
   3.8756469e+01
   3.9096387e+01
   7.3690714e+01
