   8.9546875e+02
   9.2726733e+02
   9.1046411e+02
   9.6689746e+02
   9.8707178e+02
   9.8173120e+02
   1.0135044e+03
   1.0032288e+03
   1.0269702e+03
   1.0422712e+03
   9.7666895e+02
   9.4097681e+02
   1.0108914e+03
   9.6416431e+02
   9.7697681e+02
   9.8772046e+02
   9.6040332e+02
   9.6106592e+02
   9.7719604e+02
   9.8514453e+02
   9.7317627e+02
   9.5111523e+02
   8.8357788e+02
   9.8318091e+02
   9.6749292e+02
   9.7128955e+02
   9.1572974e+02
   9.1760791e+02
   9.4131982e+02
   9.3726514e+02
   9.4148535e+02
   1.0100000e+03
   9.5877661e+02
   9.9906445e+02
   9.5496851e+02
   9.1476855e+02
   8.6690161e+02
   8.6603931e+02
   9.0837134e+02
   9.3304688e+02
   9.6334546e+02
   9.7434253e+02
   9.0998975e+02
   9.3021680e+02
   9.2263306e+02
   9.2319800e+02
   9.3615576e+02
   9.5853906e+02
   9.7274854e+02
   9.3026636e+02
   9.1639380e+02
   8.2150635e+02
   7.9905396e+02
   8.4922998e+02
   8.6652271e+02
   7.9712695e+02
   8.3369946e+02
   8.9053857e+02
   9.0640991e+02
   9.6217651e+02
   9.5954907e+02
   9.7006812e+02
   9.3253418e+02
   9.8415601e+02
   9.4563354e+02
   9.7866260e+02
   9.6868652e+02
   8.9439844e+02
   8.8258716e+02
   8.8898584e+02
   8.8725171e+02
   8.6669458e+02
   8.6179346e+02
   8.5368262e+02
   9.0268042e+02
   8.6976807e+02
   9.0342529e+02
   8.8830811e+02
   7.9724536e+02
   8.0692065e+02
   9.1185742e+02
   9.0507153e+02
   9.1885693e+02
   9.3339941e+02
   9.4910352e+02
   9.5624390e+02
   9.5208325e+02
   9.5993018e+02
   9.2388867e+02
   9.6648584e+02
   9.6125757e+02
   9.7722388e+02
   9.7821045e+02
   9.3839722e+02
   9.4676196e+02
   9.2036914e+02
   9.2203491e+02
   9.3828516e+02
   8.9154736e+02
   8.4456226e+02
   9.0035181e+02
   8.8818994e+02
   8.9443213e+02
   1.0298467e+03
   8.8260571e+02
   8.3675098e+02
   9.1833789e+02
   9.3755420e+02
   9.5031714e+02
   9.5585474e+02
   9.5742749e+02
   9.8496899e+02
   9.8674878e+02
   9.8302026e+02
   9.9948560e+02
   9.9822559e+02
   9.9711182e+02
   1.0021794e+03
   1.0052063e+03
   9.8361914e+02
   9.9448340e+02
   9.9746655e+02
   9.9545654e+02
   9.9020874e+02
   1.0420129e+03
   1.0395088e+03
   1.0350457e+03
   1.0390852e+03
   9.7451001e+02
   9.7369580e+02
   9.2688013e+02
   9.5152588e+02
   9.5851318e+02
   9.6660767e+02
   1.0008740e+03
   9.7610718e+02
   9.6264917e+02
   9.7270044e+02
   1.0062063e+03
   1.0250798e+03
   1.0106917e+03
   1.0549668e+03
   1.0577251e+03
   1.0665493e+03
   1.0615222e+03
   1.0650491e+03
   1.0654653e+03
   1.0106292e+03
   1.0014551e+03
   1.0730510e+03
   1.0699126e+03
   1.0674348e+03
   1.0722908e+03
   1.0731313e+03
   1.0719075e+03
   1.0712773e+03
   1.0632832e+03
   1.0372112e+03
   1.0600828e+03
   9.3886768e+02
   9.6280103e+02
   9.7482983e+02
   1.0349604e+03
   1.0269871e+03
   9.9567773e+02
   1.0165583e+03
   1.0219541e+03
   1.0233167e+03
   1.0144744e+03
   1.0151206e+03
   9.5925342e+02
   1.0421113e+03
   1.0589250e+03
   1.0776938e+03
   1.0760544e+03
   1.0763538e+03
   1.0891433e+03
   1.0864016e+03
   1.0437380e+03
   1.0851873e+03
   9.9448828e+02
   9.7251294e+02
   1.0187788e+03
   1.0047891e+03
   1.0018508e+03
   1.0061978e+03
   1.0014211e+03
   1.0271238e+03
   1.0303689e+03
   1.0446230e+03
   1.0573066e+03
   1.0606321e+03
   1.0561262e+03
   1.0460857e+03
   1.0326814e+03
   1.0151775e+03
   1.0075876e+03
   1.0399658e+03
   1.0254993e+03
   1.0192173e+03
   9.4948242e+02
   8.5629663e+02
   9.1513745e+02
   9.2667139e+02
   8.1501758e+02
   6.7599268e+02
   6.0419775e+02
   6.9131543e+02
   7.3435767e+02
   6.9615308e+02
   7.6291406e+02
   7.8020410e+02
   8.1646558e+02
   8.1231982e+02
   8.3373267e+02
   7.8285449e+02
   7.6732910e+02
   8.1582642e+02
   8.5792700e+02
   8.3789893e+02
   8.9208203e+02
   9.2434668e+02
   9.4346704e+02
   9.3992261e+02
   8.1582471e+02
   8.5927881e+02
   8.9351465e+02
   9.5450122e+02
   8.3792725e+02
   8.4770264e+02
   8.4646851e+02
   8.1807031e+02
   7.8681250e+02
   7.7773633e+02
   8.1833984e+02
   7.9876538e+02
   7.8099463e+02
   8.0579956e+02
   7.9830884e+02
   7.9056934e+02
   7.9333838e+02
   8.4303149e+02
   8.8615234e+02
   8.4490894e+02
   8.2837988e+02
   8.7349780e+02
   8.8546729e+02
   9.0750879e+02
   8.6338623e+02
   8.5078369e+02
   8.8754834e+02
   9.2462573e+02
   9.0055127e+02
   8.8260938e+02
   7.8008374e+02
   7.0130396e+02
   7.0443726e+02
   6.8586572e+02
   7.3162085e+02
   7.5194360e+02
   7.5320044e+02
   7.1776465e+02
   7.3933960e+02
   7.7431128e+02
   7.9605347e+02
   7.7507251e+02
   7.8911060e+02
   7.8652490e+02
   7.8405054e+02
   8.2154517e+02
   8.2963037e+02
   8.4169604e+02
   8.4435742e+02
   7.2840063e+02
   7.6932397e+02
   7.9961499e+02
   8.5158496e+02
   8.6870435e+02
   9.0119092e+02
   8.9945410e+02
   9.0869165e+02
   9.1524854e+02
   9.2292749e+02
   9.2487109e+02
   8.9348071e+02
   8.5176440e+02
   8.3838672e+02
