   6.9756745e+01
   5.4361729e+01
   8.3321920e+01
   5.5176093e+01
   5.0725744e+01
   5.0922069e+01
   2.9079907e+01
   5.4317119e+01
   4.7456015e+01
   6.0785910e+01
   1.3800931e+02
   1.4227881e+02
   4.2993132e+01
   4.8972371e+01
   8.7478906e+01
   3.1359793e+01
   3.8816659e+01
   3.0853984e+01
   2.8971510e+01
   3.7786116e+01
   4.1403894e+01
   3.9183478e+01
   6.3134991e+01
   4.6406362e+01
   3.4581446e+01
   3.7334722e+01
   4.6219669e+01
   5.2734176e+01
   5.8443889e+01
   4.0093919e+01
   7.6182797e+01
   6.9130508e+01
   8.2531407e+01
   5.2391703e+01
   1.0057934e+02
   7.7699871e+01
   5.8214913e+01
   6.1250909e+01
   4.1429771e+01
   6.2565437e+01
   5.3214355e+01
   6.8574672e+01
   7.6554927e+01
   5.7418145e+01
   6.8859659e+01
   5.9683783e+01
   4.1221581e+01
   4.0305263e+01
   3.5067850e+01
   1.0088647e+02
   8.2445251e+01
   5.8585445e+01
   4.5691162e+01
   5.6466648e+01
   4.7816412e+01
   5.8554747e+01
   6.7324630e+01
   5.1740387e+01
   6.1274814e+01
   5.8975220e+01
   6.8133114e+01
   6.9334968e+01
   1.0419021e+02
   6.7192824e+01
   6.4473729e+01
   5.8911837e+01
   5.1127415e+01
   7.4825106e+01
   6.1385873e+01
   4.8749083e+01
   7.0051503e+01
   6.3933503e+01
   7.1453470e+01
   8.0650402e+01
   4.1245732e+01
   5.8186853e+01
   3.8573999e+01
   4.5579372e+01
   7.9877086e+01
   9.2718005e+01
   3.2305383e+01
   3.0821214e+01
   4.4300170e+01
   4.1760397e+01
   3.8066410e+01
   4.0826197e+01
   4.2787263e+01
   4.2036754e+01
   6.5398781e+01
   4.5961090e+01
   6.1015319e+01
   3.8730930e+01
   4.3018401e+01
   7.0376182e+01
   4.0934615e+01
   5.5350405e+01
   4.1333765e+01
   3.9493673e+01
   6.3273229e+01
   3.8472305e+01
   4.6280279e+01
   4.9756507e+01
   4.3276461e+01
   7.9670429e+02
   1.0846247e+02
   6.9222636e+01
   3.8410578e+01
   3.9498053e+01
   4.0986436e+01
   4.7042818e+01
   5.1435905e+01
   4.5192209e+01
   4.4653353e+01
   6.9337407e+01
   5.9229627e+01
   5.1793111e+01
   4.8809332e+01
   5.1202548e+01
   4.6644256e+01
   7.1212890e+01
   5.0952018e+01
   5.1488831e+01
   5.2042854e+01
   9.1466010e+01
   4.8262708e+01
   4.8459305e+01
   4.4883614e+01
   4.5961404e+01
   9.4792618e+01
   4.6881226e+01
   5.0380879e+01
   4.2431285e+01
   4.4715656e+01
   5.3115164e+01
   4.3834624e+01
   3.0726904e+01
   2.9579639e+01
   4.4522652e+01
   4.2800399e+01
   4.7500980e+01
   8.5564967e+01
   5.3202971e+01
   5.2240452e+01
   5.2620330e+01
   5.0800532e+01
   5.2367741e+01
   6.4240461e+01
   1.0211247e+02
   9.8830101e+01
   6.0248752e+01
   6.1576776e+01
   7.5577998e+01
   5.4719104e+01
   5.5294336e+01
   5.6285215e+01
   5.7978555e+01
   5.6245202e+01
   1.1924521e+02
   4.7992350e+01
   4.6961570e+01
   4.6951800e+01
   1.1484775e+02
   5.2393924e+01
   5.5356062e+01
   4.5545664e+01
   4.2124492e+01
   5.1429517e+01
   4.7056048e+01
   4.5649932e+01
   4.4553902e+01
   1.0678129e+02
   6.8761930e+01
   6.7310198e+01
   8.1045579e+01
   7.0872950e+01
   7.7178556e+01
   8.7519136e+01
   7.2534673e+01
   1.1402824e+02
   7.0329296e+01
   6.3220272e+01
   5.7882474e+01
   5.7342749e+01
   5.9251196e+01
   5.9281683e+01
   5.4992737e+01
   5.7855541e+01
   4.4950762e+01
   7.2207616e+01
   5.6193578e+01
   6.0387093e+01
   5.8175375e+01
   5.6448353e+01
   5.3287038e+01
   8.6087775e+01
   6.3036722e+01
   9.8589479e+01
   5.8646178e+01
   5.2188903e+01
   5.6079563e+01
   5.7739038e+01
   4.2099587e+01
   4.9515981e+01
   5.2780194e+01
   1.1666439e+02
   5.8249935e+01
   4.3140551e+01
   4.6535274e+01
   7.1558047e+01
   7.6674672e+01
   4.7055351e+01
   7.0398179e+01
   4.4397668e+01
   3.9447642e+01
   6.3377937e+01
   9.3293285e+01
   8.9440822e+01
   5.8020563e+01
   6.1015795e+01
   6.8096348e+01
   8.7695116e+01
   5.5145273e+01
   5.3669908e+01
   6.2174104e+01
   5.9522742e+01
   5.4273723e+01
   6.1496905e+01
   6.3526292e+01
   9.6833112e+01
   6.4321396e+01
   6.3407737e+01
   6.8450868e+01
   4.2746588e+01
   4.0185884e+01
   4.4969475e+01
   5.0860924e+01
   5.7204805e+01
   4.3551730e+01
   6.0276223e+01
   5.0050320e+01
   4.2305872e+01
   7.2318622e+01
   6.9354045e+01
   6.6827621e+01
   4.8107833e+01
   3.3873088e+01
   4.1237818e+01
   4.5933507e+01
   9.1156387e+01
   8.9631186e+01
   7.0413255e+01
   3.9911444e+01
   3.6984824e+01
   5.5220050e+01
   6.2354323e+01
   3.0163302e+01
   3.7753755e+01
   3.2671160e+01
   5.1714144e+01
   5.0736919e+01
   5.9725576e+01
   4.6107384e+01
   6.1356089e+01
   6.0192163e+01
   5.7063483e+01
   3.7156704e+01
   4.8821293e+01
   5.6312588e+01
   6.4636583e+01
   5.1060833e+01
   3.5693398e+01
   3.6992282e+01
   4.5475157e+01
   1.6589431e+02
   5.5500562e+01
   7.5276885e+01
   3.6593969e+01
   4.9082331e+01
   4.1813250e+01
   4.3240474e+01
   4.3634422e+01
   4.4561401e+01
   4.0231987e+01
   4.2053835e+01
   4.9075324e+01
   9.8241197e+01
   5.9573522e+01
