   7.8263633e+01
   3.9607663e+01
   4.4383807e+01
   6.3199402e+01
   3.4328731e+01
   5.8855011e+01
   6.2197773e+01
   9.7175975e+01
   1.1251892e+02
   1.0013586e+02
   7.2180922e+01
   4.5344530e+01
   5.5573634e+01
   5.2669373e+01
   5.5046132e+01
   6.6448463e+01
   6.6585715e+01
   5.3709282e+01
   6.8600279e+01
   1.4855219e+02
   9.1863167e+01
   1.2021576e+02
   5.6613270e+01
   4.5945051e+01
   4.1942754e+01
   4.9896652e+01
   5.9472008e+01
   5.2132833e+01
   7.3490888e+01
   7.0441970e+01
   5.7733910e+01
   7.1334560e+01
   6.4920852e+01
   5.5774250e+01
   5.2798139e+01
   7.4130300e+01
   6.3174347e+01
   8.0871774e+01
   4.9753983e+01
   5.0486459e+01
   3.7031220e+01
   6.7448410e+01
   5.2495897e+01
   6.2134971e+01
   4.7719003e+01
   5.0098351e+01
   5.9341585e+01
   5.7942926e+01
   6.9245312e+01
   9.7846664e+01
   4.3612315e+01
   4.1154693e+01
   4.4519369e+01
   4.5624820e+01
   5.1353865e+01
   5.4434956e+01
   3.3735707e+01
   6.1400131e+01
   3.0490076e+01
   5.2725755e+01
   6.7098304e+01
   7.0247635e+01
   5.8040120e+01
   7.4666828e+01
   5.3361425e+01
   3.7685912e+01
   5.8955313e+01
   7.4246617e+01
   7.7426563e+01
   7.7364779e+01
   7.1484158e+01
   8.0855862e+01
   5.8960152e+01
   6.1997483e+01
   5.9596726e+01
   6.7789470e+01
   6.5441585e+01
   7.2972291e+01
   5.0048785e+01
   6.6293677e+01
   6.4253215e+01
   7.5161155e+01
   5.0567896e+01
   9.0643371e+01
   5.0851203e+01
   4.7588779e+01
   8.3399628e+01
   9.2699206e+01
   7.1096984e+01
   6.9052272e+01
   6.9199960e+01
   6.6747227e+01
   5.8752584e+01
   7.9971138e+01
   7.9367148e+01
   6.3957393e+01
   9.1330979e+01
   6.9824686e+01
   5.3649256e+01
   5.4773266e+01
   4.7920137e+01
   3.9722814e+01
   5.7501656e+01
   8.7819365e+01
   1.0538730e+02
   7.0175199e+01
   6.1444090e+01
   3.8827532e+01
   5.2901762e+01
   9.9447422e+01
   1.0106574e+02
   1.1766600e+02
   5.3807611e+01
   1.4256182e+02
   1.3156712e+02
   3.5614170e+01
   6.9081497e+01
   5.1573611e+01
   3.3783149e+01
   3.9488555e+01
   3.5549090e+01
   9.7979489e+01
   1.2995749e+02
   7.4448402e+01
   9.7275028e+01
   1.2622558e+02
   1.2542742e+02
   8.9770297e+01
   6.1859749e+01
   7.5132781e+01
   9.7797667e+01
   8.5154318e+01
   6.7029909e+01
   9.7066065e+01
   6.1018923e+01
   2.4873062e+01
   2.8302754e+01
   2.6660729e+01
   2.5358915e+01
   3.0075800e+01
   2.6941506e+01
   2.6617552e+01
   1.2182009e+02
   4.4733851e+01
   6.9122495e+01
   1.0941501e+02
   6.6467350e+01
   1.0169512e+02
   4.6895237e+01
   3.3556241e+01
   4.1574752e+01
   3.5368829e+01
   7.3223842e+01
   1.3956997e+02
   9.1152248e+01
   6.1289847e+01
   7.8148215e+01
   6.1154034e+01
   4.5061949e+01
   4.5342525e+01
   6.1795675e+01
   3.4501092e+01
   9.9457756e+01
   8.3997010e+01
   1.0615284e+02
   1.4634605e+02
   5.4718098e+01
   3.7284816e+01
   6.1006705e+01
   5.2534440e+01
   6.3348548e+01
   1.2049389e+02
   9.0225055e+01
   1.1342390e+02
   9.9267932e+01
   1.1303551e+02
   1.3197865e+02
   4.3355112e+01
   2.8492661e+01
   2.6590422e+01
   2.5375613e+01
   1.1403166e+02
   9.6854621e+01
   8.1566151e+01
   1.2145926e+02
   6.7299353e+01
   5.2694275e+01
   4.6237398e+01
   6.2789848e+01
   8.9096300e+01
   5.5671990e+01
   8.0244533e+01
   8.0098894e+01
   9.1949768e+01
   9.5834599e+01
   1.2466575e+02
   4.3784381e+01
   1.1657406e+02
   7.7047012e+01
   1.2413234e+02
   1.1362136e+02
   7.9306350e+01
   8.0799897e+01
   8.7504312e+01
   1.4089445e+02
   7.0131136e+01
   6.0185764e+01
   5.9780105e+01
   5.5763067e+01
   4.5269865e+01
   4.5861336e+01
   3.5553570e+01
   5.0776244e+01
   6.6080132e+01
   7.1631828e+01
   7.3134034e+01
   6.2848308e+01
   8.5948140e+01
   5.7856509e+01
   6.3171234e+01
   1.1187490e+02
   4.1622560e+01
   5.7259962e+01
   4.0100551e+01
   8.6487460e+01
   1.3530998e+02
   9.6704361e+01
   8.1215771e+01
   6.1557911e+01
   6.3030875e+01
   5.7392234e+01
   8.8984292e+01
   9.4658436e+01
   7.0783645e+01
   3.5077643e+01
   5.6196625e+01
   3.8222109e+01
   5.1277851e+01
   3.8124033e+01
   7.4884119e+01
   4.6359157e+01
   6.5135507e+01
   8.0337093e+01
   6.8757410e+01
   5.1162661e+01
   5.6446595e+01
   6.1030973e+01
   3.5636646e+01
   5.3453822e+01
   4.0662635e+01
   6.5026675e+01
   8.2666771e+01
