   2.3619632e-01
   2.5000000e-01
   2.5407166e-01
   2.8093645e-01
   2.3939394e-01
   1.6314199e-01
   2.3920266e-01
   2.0118343e-01
   1.7647059e-01
   2.1474359e-01
   8.1850534e-02
   1.9519520e-01
   1.8731118e-01
   2.0058140e-01
   2.2796353e-01
   1.9303797e-01
   1.6860465e-01
   2.0754717e-01
   1.8927445e-01
   2.1250000e-01
   2.2054381e-01
   2.4516129e-01
   2.2641509e-01
   2.0792079e-01
   2.0618557e-01
   1.6451613e-01
   1.5697674e-01
   1.9088319e-01
   1.0893855e-01
   1.7231638e-01
   1.4406780e-01
   1.6477273e-01
   1.3451777e-01
   1.7187500e-01
   1.2368421e-01
   1.1232877e-01
   1.0666667e-01
   1.0410959e-01
   8.9820359e-02
   1.6806723e-01
   1.4971751e-01
   1.9384615e-01
   1.7337461e-01
   1.4331210e-01
   1.0769231e-01
   1.4960630e-01
   1.6094987e-01
   1.2408759e-01
   5.8947368e-02
   1.4372470e-01
   1.5671642e-01
   7.5144509e-02
   9.1089109e-02
   1.3333333e-01
   3.2258065e-02
   1.7857143e-01
   1.8360656e-01
   1.2714777e-01
   1.8300654e-01
   2.4149660e-01
   3.3333333e-01
   3.0069930e-01
   2.5448029e-01
   2.9032258e-01
   2.9181495e-01
   2.7838828e-01
   1.9858156e-01
   2.1771218e-01
   3.2954545e-01
   2.4264706e-01
   1.4615385e-01
   1.0384615e-01
   1.6600791e-01
   2.1072797e-01
   2.2568093e-01
   1.8897638e-01
   2.1548822e-01
   1.9414894e-01
   2.1296296e-01
   2.5000000e-01
   2.4503311e-01
   2.8518519e-01
   1.9141914e-01
   2.4755700e-01
   2.1515152e-01
   2.6101695e-01
   2.5163399e-01
   2.1527778e-01
   1.7687075e-01
   1.6224189e-01
   1.5950920e-01
   1.3529412e-01
   1.3622291e-01
   7.0967742e-02
   9.6345515e-02
   1.3030303e-01
   2.0433437e-01
   2.6726727e-01
   2.1148036e-01
   2.6443769e-01
   2.2910217e-01
   2.5797101e-01
   2.3119777e-01
   2.7683616e-01
   2.0661157e-01
   1.8891688e-01
   2.1712538e-01
   2.4923077e-01
   2.3028391e-01
   2.7816901e-01
   1.7559524e-01
   2.2713864e-01
   2.2388060e-01
   1.7152104e-01
   1.8064516e-01
   1.4715719e-01
   1.6611296e-01
   1.3109756e-01
   1.5804598e-01
   7.1022727e-02
   3.4883721e-02
   5.9701493e-02
   6.0422961e-02
   1.8731118e-01
   9.1205212e-02
   5.2631579e-02
   1.0365854e-01
   2.2493225e-01
   2.4035608e-01
   1.9672131e-01
   1.9463087e-01
   1.6438356e-01
   8.0808081e-02
   8.1168831e-02
   2.2539683e-01
   1.8095238e-01
   2.2941176e-01
   2.5752508e-01
   1.8604651e-01
   2.0689655e-01
   1.7627119e-01
   1.6718266e-01
   1.7667845e-01
   1.3309353e-01
   2.4683544e-01
   2.3602484e-01
   2.2413793e-01
   2.2846442e-01
   3.5627530e-01
   3.6290323e-01
   3.3596838e-01
   4.2412451e-01
   3.2692308e-01
   2.7651515e-01
   3.0451128e-01
   3.7500000e-01
   3.9325843e-01
   4.3014706e-01
   3.4657040e-01
   4.1970803e-01
   3.9636364e-01
   3.5036496e-01
   3.9852399e-01
   3.0943396e-01
   3.0258303e-01
   3.6964981e-01
   3.1395349e-01
   2.6640927e-01
   2.8015564e-01
   3.1679389e-01
   2.5769231e-01
   2.9213483e-01
   2.6591760e-01
   2.1897810e-01
   2.2142857e-01
   1.6104869e-01
   1.5969582e-01
   1.8867925e-01
   1.8939394e-01
   1.6165414e-01
   1.6541353e-01
   1.6479401e-01
   9.7014925e-02
   1.0370370e-01
   7.2992701e-02
   1.9629630e-01
   9.3632959e-02
   1.1355311e-01
   1.0948905e-01
   1.4814815e-01
   9.7378277e-02
   7.6487252e-02
   1.7307692e-01
   1.4919355e-01
   1.7786561e-01
   2.2568093e-01
   1.6342412e-01
   2.0930233e-01
   1.8587361e-01
   1.9367589e-01
   1.6666667e-01
   2.2222222e-01
   1.8039216e-01
   1.9379845e-01
   2.8627451e-01
   1.3385827e-01
   2.0300752e-01
   1.8400000e-01
   2.0077220e-01
   2.0595533e-01
   2.2254335e-01
   1.3417722e-01
   1.8836565e-01
   1.7492711e-01
   1.4480874e-01
   2.1597633e-01
   2.7102804e-01
   2.8239203e-01
   2.9152542e-01
   1.7791411e-01
   2.0364742e-01
   1.3479624e-01
   3.0036630e-01
   2.3076923e-01
   1.5333333e-01
   2.7728614e-01
   2.6870748e-01
   1.9078947e-01
   2.1111111e-01
   2.0788530e-01
   3.1615120e-01
   2.8840125e-01
   3.3108108e-01
   3.7234043e-01
   3.0555556e-01
   2.2813688e-01
   2.4528302e-01
   2.9794521e-01
   3.6466165e-01
   2.3595506e-01
   2.6000000e-01
   2.8571429e-01
   3.5433071e-01
   3.5573123e-01
   2.8015564e-01
   2.9328622e-01
   3.5094340e-01
   3.2155477e-01
   2.4242424e-01
   2.4137931e-01
   3.4909091e-01
   3.3333333e-01
   3.9200000e-01
   4.5967742e-01
   4.3579767e-01
   3.8257576e-01
   4.0909091e-01
   3.7269373e-01
   2.8947368e-01
   2.9139073e-01
   3.1000000e-01
   3.4082397e-01
   3.0208333e-01
   3.4083601e-01
   3.4020619e-01
   2.2413793e-01
   3.3333333e-01
   2.8571429e-01
