   4.2518203e-02
   4.7463637e-02
   5.1291369e-02
   4.7646202e-02
   4.3076781e-02
   3.9375411e-02
   4.5599295e-02
   4.2403214e-02
   3.8130296e-02
   4.2883227e-02
   3.4318583e-02
   4.1296227e-02
   3.9511978e-02
   4.2085116e-02
   4.4624982e-02
   3.9009006e-02
   3.8984568e-02
   4.2338595e-02
   4.4357488e-02
   4.1212673e-02
   4.3696564e-02
   4.4093705e-02
   4.2333470e-02
   4.1305710e-02
   4.4637217e-02
   3.9391378e-02
   4.0931309e-02
   4.5589210e-02
   3.2873594e-02
   3.8625721e-02
   4.3222522e-02
   3.7166357e-02
   3.7349461e-02
   4.3679467e-02
   3.6192032e-02
   3.1971520e-02
   3.0386269e-02
   3.2001755e-02
   3.1381227e-02
   3.5660632e-02
   3.6767478e-02
   4.3187178e-02
   3.7054098e-02
   3.5455229e-02
   3.2069204e-02
   4.2989500e-02
   3.9700462e-02
   3.6378251e-02
   2.6789982e-02
   3.5551553e-02
   3.8127633e-02
   2.8642000e-02
   2.9825731e-02
   4.2628880e-02
   2.4950338e-02
   3.8348708e-02
   4.1074542e-02
   3.5930441e-02
   3.9515572e-02
   4.6254913e-02
   5.2501629e-02
   4.6870003e-02
   5.6050381e-02
   4.6024460e-02
   5.2686240e-02
   4.3510935e-02
   4.5571159e-02
   4.6288762e-02
   5.6186007e-02
   4.4864420e-02
   4.2675430e-02
   3.2326757e-02
   4.1852744e-02
   7.7107280e-02
   5.6515622e-02
   4.2378776e-02
   5.0182495e-02
   4.2597697e-02
   4.6113420e-02
   4.6407764e-02
   4.5541954e-02
   7.8357467e-02
   3.8590642e-02
   5.0123788e-02
   4.3809194e-02
   4.7495049e-02
   4.4979770e-02
   4.7305119e-02
   3.7218604e-02
   3.7675724e-02
   3.7161272e-02
   3.6558816e-02
   3.6233804e-02
   2.8961933e-02
   3.0826866e-02
   3.4837415e-02
   5.5472973e-02
   4.4930477e-02
   4.2115759e-02
   4.6075925e-02
   4.7533238e-02
   4.7607392e-02
   4.5426515e-02
   5.3243445e-02
   4.2307903e-02
   4.0627323e-02
   4.1737567e-02
   4.5215212e-02
   4.1478473e-02
   5.1314070e-02
   3.8825273e-02
   4.3318672e-02
   4.8275794e-02
   3.8702667e-02
   3.9183687e-02
   3.5891978e-02
   3.7045765e-02
   3.7229471e-02
   3.5786444e-02
   2.8040504e-02
   2.3823540e-02
   2.5376626e-02
   2.8858756e-02
   3.8423503e-02
   2.9318203e-02
   2.8080828e-02
   3.5695913e-02
   4.8298502e-02
   4.3634644e-02
   4.0515207e-02
   3.8575342e-02
   3.6543650e-02
   3.0755964e-02
   3.0250684e-02
   4.1677675e-02
   4.1882185e-02
   4.1293035e-02
   4.7107150e-02
   4.2284317e-02
   4.1262293e-02
   3.7590253e-02
   4.5143836e-02
   3.6454774e-02
   3.3339112e-02
   4.6742122e-02
   5.3249063e-02
   4.1765024e-02
   4.6700496e-02
   6.3917299e-02
   6.3307207e-02
   6.3480351e-02
   7.1879330e-02
   6.0303559e-02
   5.6861441e-02
   6.8567567e-02
   7.9662974e-02
   6.1562489e-02
   6.2202468e-02
   5.9262008e-02
   7.7731524e-02
   5.8073120e-02
   5.9532393e-02
   7.6009710e-02
   6.1358489e-02
   6.3811415e-02
   7.8870356e-02
   5.9959385e-02
   5.2351131e-02
   5.4566241e-02
   5.3324156e-02
   4.9799328e-02
   5.2853766e-02
   4.7682078e-02
   4.4324657e-02
   4.6859478e-02
   4.1003425e-02
   3.9041754e-02
   4.1217371e-02
   3.8716041e-02
   3.7325685e-02
   3.6717321e-02
   3.9861229e-02
   3.1474640e-02
   3.4754962e-02
   2.9297243e-02
   4.7981015e-02
   3.4209204e-02
   3.4981261e-02
   3.2599147e-02
   4.1493462e-02
   3.2314582e-02
   3.1066501e-02
   4.1062242e-02
   3.5623988e-02
   3.6898697e-02
   4.8921004e-02
   5.6504468e-02
   3.8994782e-02
   4.0877640e-02
   4.1473836e-02
   3.5770641e-02
   4.4831961e-02
   3.7257082e-02
   4.2315766e-02
   6.0048020e-02
   3.6963219e-02
   4.3765481e-02
   4.7484440e-02
   4.1781792e-02
   5.2594356e-02
   4.7760270e-02
   3.4655483e-02
   4.4691122e-02
   4.2414242e-02
   3.6431874e-02
   4.0817279e-02
   8.4842754e-02
   4.9167353e-02
   5.0070662e-02
   3.9556785e-02
   4.1256187e-02
   3.6313983e-02
   5.3058472e-02
   4.1341382e-02
   3.8928781e-02
   4.6288979e-02
   4.7216213e-02
   3.9875052e-02
   4.2884081e-02
   4.8375621e-02
   5.3239232e-02
   5.3159221e-02
   5.3702509e-02
   5.8321802e-02
   5.1153131e-02
   4.5510372e-02
   4.1834399e-02
   5.6797465e-02
   6.3328835e-02
   4.3554220e-02
   4.7291437e-02
   5.4165393e-02
   5.2178374e-02
   5.1494925e-02
   4.6136576e-02
   5.1693784e-02
   7.3785078e-02
   5.2378515e-02
   4.7552841e-02
   5.4318473e-02
   6.1684358e-02
   5.7030185e-02
   6.3578267e-02
   6.5506864e-02
   6.8355445e-02
   6.9043492e-02
   6.3872061e-02
   5.5856828e-02
   4.8843904e-02
   4.9019357e-02
   4.9632483e-02
   5.2848061e-02
   4.8986003e-02
   5.3416160e-02
   5.0031983e-02
   4.6678098e-02
   5.6778728e-02
   4.8714295e-02
