   3.9805151e+02
   4.2115381e+02
   4.1636206e+02
   4.4983740e+02
   4.5973560e+02
   4.6780444e+02
   4.9392383e+02
   4.9107520e+02
   4.5183496e+02
   4.9379492e+02
   5.0960938e+02
   5.0169800e+02
   5.5133252e+02
   5.7497681e+02
   6.0735352e+02
   6.2527417e+02
   6.5462158e+02
   6.4911523e+02
   6.4743970e+02
   6.3197095e+02
   6.2978906e+02
   6.3947437e+02
   6.5436548e+02
   6.6002319e+02
   6.8115039e+02
   6.8767017e+02
   6.6784766e+02
   7.2496118e+02
   7.4074585e+02
   7.4231348e+02
   7.1411206e+02
   7.3820801e+02
   7.4890845e+02
   7.4936328e+02
   7.5459790e+02
   7.3818384e+02
   7.7082300e+02
   7.8518848e+02
   7.8407471e+02
   7.5169263e+02
   7.7564453e+02
   7.8041602e+02
   7.5526880e+02
   7.3164648e+02
   7.5726123e+02
   8.6043579e+02
   8.0859131e+02
   7.8084082e+02
   7.7801709e+02
   7.9076147e+02
   9.4006592e+02
   8.8832397e+02
   8.5484058e+02
   8.7057446e+02
   8.4984912e+02
   7.8910352e+02
   9.6903638e+02
   9.4458057e+02
   9.2059790e+02
   9.0157129e+02
   9.1048535e+02
   8.7875293e+02
   8.8634253e+02
   8.6483032e+02
   9.1768213e+02
   9.1003589e+02
   9.2327197e+02
   8.5115674e+02
   8.7917603e+02
   9.1348071e+02
   9.2354126e+02
   9.1129297e+02
   9.1618823e+02
   9.0573633e+02
   7.8737305e+02
   7.6991504e+02
   7.5572095e+02
   7.7774707e+02
   7.9138916e+02
   8.0152100e+02
   8.1098145e+02
   6.6574438e+02
   7.5166992e+02
   8.1438818e+02
   8.2847559e+02
   8.2717578e+02
   8.0024121e+02
   7.9564258e+02
   8.2134961e+02
   8.4530835e+02
   8.2706763e+02
   8.3883911e+02
   8.8125244e+02
   8.5662085e+02
   8.7795581e+02
   8.4475122e+02
   8.7951343e+02
   8.1556006e+02
   8.5777783e+02
   8.6646484e+02
   9.2669751e+02
   9.2997705e+02
   9.3877563e+02
   9.1410693e+02
   9.2071411e+02
   9.0578345e+02
   8.9877490e+02
   9.0266333e+02
   8.8606177e+02
   8.5777222e+02
   9.5061084e+02
   9.2957178e+02
   9.1627124e+02
   9.2124292e+02
   9.1099097e+02
   8.9715723e+02
   8.7072656e+02
   8.8231494e+02
   8.3481982e+02
   8.8893848e+02
   8.8551318e+02
   9.0761938e+02
   9.3113428e+02
   8.7721191e+02
   8.7682129e+02
   8.9526953e+02
   8.8775781e+02
   8.8999268e+02
   8.9039185e+02
   8.8430444e+02
   8.7453125e+02
   8.7010303e+02
   8.6690234e+02
   8.8337646e+02
   8.9070996e+02
   8.9275659e+02
   8.6325854e+02
   9.1589014e+02
   8.8504102e+02
   8.7280786e+02
   8.8232422e+02
   8.4955005e+02
   8.3986719e+02
   8.2124365e+02
   8.2147974e+02
   8.2311646e+02
   8.5879785e+02
   8.5163428e+02
   8.4577441e+02
   8.4518115e+02
   8.4146436e+02
   8.5471729e+02
   8.9313062e+02
   9.1461963e+02
   8.5624878e+02
   8.7574292e+02
   7.6760986e+02
   7.6355444e+02
   8.2699951e+02
   8.3445898e+02
   7.3387500e+02
   7.4530908e+02
   7.8181689e+02
   7.6949243e+02
   7.8943994e+02
   7.6187109e+02
   7.1289331e+02
   7.6830957e+02
   7.2409668e+02
   6.7820679e+02
   7.1040356e+02
   7.2460596e+02
   7.2739258e+02
   7.3097119e+02
   6.8728394e+02
   7.1058130e+02
   7.5802319e+02
   7.1995020e+02
   6.9983008e+02
   6.8620728e+02
   6.7998022e+02
   6.8603320e+02
   7.2579468e+02
   7.4505029e+02
   6.8290356e+02
   6.4765161e+02
   6.9984473e+02
   6.2158618e+02
   6.2558057e+02
   5.9820264e+02
   5.9123511e+02
   5.9522266e+02
   5.7288989e+02
   6.3027319e+02
   6.3661035e+02
   6.7213184e+02
   6.7890479e+02
   6.5882422e+02
   6.6144678e+02
   6.6171899e+02
   6.7136646e+02
   6.4943677e+02
   6.3819629e+02
   6.5098901e+02
   6.1149927e+02
   6.9783911e+02
   7.0590186e+02
   7.4612988e+02
   7.2626343e+02
   7.0851733e+02
   8.0394556e+02
   7.8099512e+02
   7.7185596e+02
   7.6559253e+02
   7.2243384e+02
   7.9495679e+02
   7.9065674e+02
   7.1433667e+02
   7.1264307e+02
   7.2305688e+02
   7.4902368e+02
   7.6471509e+02
   7.2600537e+02
   7.3156030e+02
   7.4049243e+02
   7.5104224e+02
   7.2790356e+02
   6.6244775e+02
   6.8318945e+02
   7.0435986e+02
   7.2285522e+02
   7.2324023e+02
   7.7558203e+02
   7.6377954e+02
