   2.7103267e+01
   1.2509250e+01
   2.0448035e+01
   2.8322009e+01
   2.5673153e+01
   2.8346092e+01
   5.7657179e+01
   4.7410783e+01
   4.0253945e+01
   1.6844529e+01
   2.5422962e+01
   2.5521670e+01
   2.3349932e+01
   2.9679899e+01
   3.1962891e+01
   3.1018672e+01
   2.3729959e+01
   2.3250432e+01
   1.8787918e+01
   1.6379575e+01
   1.5505560e+01
   1.8534075e+01
   2.1845243e+01
   2.6007676e+01
   2.1225905e+01
   2.1789992e+01
   7.7932178e+01
   5.6579400e+01
   3.1665963e+01
   6.1271344e+01
   7.9550636e+01
   4.7026869e+01
   6.2133345e+01
   6.3562165e+01
   5.0150238e+01
   5.7434021e+01
   5.6751732e+01
   1.0488737e+02
   3.7569625e+01
   2.9507823e+01
   1.2426518e+02
   3.8899084e+01
   3.0464556e+01
   3.6418018e+01
   1.2615197e+02
   7.3342479e+01
   5.1229784e+01
   3.0419686e+01
   2.7708278e+01
   1.2838727e+02
   1.1155436e+02
   6.1370834e+01
   8.6520583e+01
   5.5530927e+01
   5.1367984e+01
   1.2385782e+02
   1.1226339e+02
   6.4109467e+01
   6.9986157e+01
   7.0677767e+01
   6.6758781e+01
   6.8790027e+01
   6.8680251e+01
   9.1423635e+01
   8.4183299e+01
   7.6300306e+01
   7.9984316e+01
   1.0367491e+02
   9.2894216e+01
   9.6838738e+01
   9.1532684e+01
   7.1901473e+01
   7.3630540e+01
   8.7566692e+01
   1.2366338e+02
   7.4642376e+01
   1.0555109e+02
   5.5521174e+01
   5.4497302e+01
   5.5656456e+01
   6.0886894e+01
   1.5372997e+02
   1.4987169e+02
   8.6247282e+01
   6.3648032e+01
   5.9990828e+01
   5.9498719e+01
   7.2255561e+01
   5.8972536e+01
   5.5615652e+01
   8.0686245e+01
   5.7652436e+01
   5.4267269e+01
   8.8473874e+01
   8.0431500e+01
   7.0761771e+01
   6.9360947e+01
   8.0269809e+01
   9.9850895e+01
   1.2556075e+02
   6.8607116e+01
   8.4125852e+01
   6.7629109e+01
   4.6463843e+01
   6.7509023e+01
   4.5953028e+01
   4.6157183e+01
   5.2446879e+01
   5.7338767e+01
   7.5128313e+01
   8.9919263e+01
   5.4803445e+01
   7.1308930e+01
   7.4576907e+01
   8.1905465e+01
   7.4716262e+01
   1.1616765e+02
   8.4550250e+01
   1.3200336e+02
   9.6883476e+01
   1.0278806e+02
   9.0304574e+01
   8.0002235e+01
   7.7871646e+01
   1.0759939e+02
   8.8609026e+01
   7.8168475e+01
   6.6357572e+01
   5.1987479e+01
   5.5279610e+01
   5.5323080e+01
   5.4862600e+01
   5.9868119e+01
   9.2231274e+01
   6.8066149e+01
   1.0441193e+02
   1.3888127e+02
   6.6255712e+01
   6.5125623e+01
   8.4163530e+01
   5.6894580e+01
   5.4365353e+01
   6.0566031e+01
   4.1003698e+01
   5.0330227e+01
   6.2299226e+01
   6.7779155e+01
   6.6891069e+01
   5.4538314e+01
   6.1740268e+01
   8.7212033e+01
   1.4097512e+02
   8.5650736e+01
   1.3148217e+02
   8.9410258e+01
   3.7651517e+01
   1.1816393e+02
   1.0414789e+02
   8.5148400e+01
   7.8817124e+01
   8.7694135e+01
   8.0086545e+01
   9.8291325e+01
   8.8108502e+01
   7.0712738e+01
   8.6133842e+01
   5.4882199e+01
   4.7882563e+01
   6.5426684e+01
   5.8608262e+01
   5.6610409e+01
   4.8893161e+01
   6.9975326e+01
   4.5229548e+01
   7.2291411e+01
   7.0805608e+01
   5.5762392e+01
   7.3318307e+01
   8.1285976e+01
   9.4162916e+01
   6.2452169e+01
   6.1052329e+01
   5.1587375e+01
   6.6797823e+01
   5.2983677e+01
   5.1816917e+01
   7.2156767e+01
   6.8381812e+01
   5.2705766e+01
   4.9114438e+01
   6.2860810e+01
   4.8609297e+01
   4.2365251e+01
   4.6812533e+01
   5.2432800e+01
   5.0966126e+01
   6.7752629e+01
   6.7948256e+01
   5.8910786e+01
   5.2436115e+01
   5.7064278e+01
   5.1868279e+01
   5.4332828e+01
   5.3648279e+01
   5.7303745e+01
   7.4500274e+01
   5.3780421e+01
   9.0268081e+01
   6.1762412e+01
   8.0595886e+01
   5.9182763e+01
   5.8874129e+01
   5.8731676e+01
   9.4958014e+01
   8.1325178e+01
   6.3092620e+01
   9.2509585e+01
   5.6670594e+01
   5.9886837e+01
   6.9176470e+01
   7.4318926e+01
   8.4149153e+01
   5.1155727e+01
   4.7261306e+01
   4.5600119e+01
   5.6013403e+01
   8.4928793e+01
   1.3517936e+02
   7.3568668e+01
   6.0754703e+01
   8.2124107e+01
   6.9438364e+01
   7.4118439e+01
   7.1952898e+01
