   8.4806519e+02
   8.0890479e+02
   8.2598511e+02
   7.7178442e+02
   8.4549805e+02
   8.4655762e+02
   8.5118091e+02
   8.7414209e+02
   8.5826904e+02
   8.4530396e+02
   8.2867480e+02
   8.2795630e+02
   8.1178662e+02
   7.8342188e+02
   7.8523633e+02
   7.9372656e+02
   8.1763916e+02
   7.6619165e+02
   7.3008740e+02
   7.4909692e+02
   7.7279419e+02
   8.2033936e+02
   8.5482520e+02
   8.5475464e+02
   8.5111060e+02
   8.6209399e+02
   6.8811694e+02
   7.8449731e+02
   7.9932642e+02
   8.0984692e+02
   7.9744287e+02
   8.0874731e+02
   8.6484692e+02
   8.6372363e+02
   8.7020312e+02
   8.8429150e+02
   8.5695215e+02
   8.2801904e+02
   8.2459155e+02
   8.6058008e+02
   8.1155762e+02
   8.4446143e+02
   8.5846338e+02
   8.5465674e+02
   8.4892969e+02
   8.4643408e+02
   8.2852930e+02
   8.3805762e+02
   8.2924219e+02
   8.1247803e+02
   7.7498853e+02
   7.6065161e+02
   7.7137134e+02
   7.4818848e+02
   7.7615967e+02
   8.6865747e+02
   9.0281958e+02
   8.7243579e+02
   9.0731445e+02
   8.8794458e+02
   9.1988940e+02
   8.7074902e+02
   8.8549023e+02
   9.2855151e+02
   9.2076489e+02
   9.6749878e+02
   9.4887207e+02
   9.1052417e+02
   8.8099438e+02
   9.1580859e+02
   9.1371167e+02
   8.1379126e+02
   8.0934155e+02
   9.6279468e+02
   9.7395483e+02
   8.9588989e+02
   8.3100659e+02
   8.4011353e+02
   8.6215942e+02
   8.8437769e+02
   8.9517554e+02
   9.0742798e+02
   9.0092407e+02
   8.9670264e+02
   8.9318530e+02
   9.0166382e+02
   8.9103003e+02
   8.6209888e+02
   8.9861035e+02
   9.1770239e+02
   9.0615723e+02
   9.0539331e+02
   8.7161279e+02
   8.6874707e+02
   9.0278589e+02
   8.2256958e+02
   8.6824121e+02
   8.7764771e+02
   8.6583960e+02
   8.8038281e+02
   9.1053662e+02
   8.9743799e+02
   8.8315479e+02
   8.7403979e+02
   8.8079858e+02
   8.8685352e+02
   8.5086646e+02
   8.4701587e+02
   8.4530054e+02
   8.8903955e+02
   8.5729370e+02
   8.3960425e+02
   8.4033398e+02
   8.8002466e+02
   9.3193433e+02
   8.1016431e+02
   9.4901074e+02
   9.6605811e+02
   9.7842456e+02
   9.8707056e+02
   9.8800391e+02
   9.8575073e+02
   9.8340234e+02
   9.4166260e+02
   9.7868091e+02
   9.9539160e+02
   9.8733276e+02
   9.5512207e+02
   9.3111182e+02
   8.8376050e+02
   8.5342310e+02
   8.5259229e+02
   8.8069604e+02
   8.7540308e+02
   8.2649658e+02
   8.4451855e+02
   8.5553687e+02
   8.2625073e+02
   8.2971118e+02
   8.0640625e+02
   8.0289941e+02
   8.0080444e+02
   8.2632690e+02
   8.0517090e+02
   8.2115942e+02
   8.0367163e+02
   8.2116724e+02
   8.2651489e+02
   8.5673267e+02
   8.2970728e+02
   8.2778833e+02
   8.4476172e+02
   8.2547559e+02
   8.2241968e+02
   8.1204858e+02
   7.9735303e+02
   7.9216821e+02
   8.1490894e+02
   8.3681812e+02
   8.5884937e+02
   8.4958496e+02
   8.3997095e+02
   7.3977051e+02
   7.6288403e+02
   7.8491821e+02
   7.8463940e+02
   8.1471533e+02
   7.8450708e+02
   8.1388477e+02
   7.7718018e+02
   7.4491235e+02
   7.4411206e+02
   7.5667529e+02
   7.8615918e+02
   7.9968213e+02
   7.9404590e+02
   8.0253833e+02
   7.9549683e+02
   8.0593555e+02
   8.7543677e+02
   8.1974487e+02
   8.3403467e+02
   8.3969800e+02
   8.5355884e+02
   8.4925439e+02
   8.6159277e+02
   8.1606470e+02
   7.2960669e+02
   7.8236133e+02
   8.0751147e+02
   7.9964917e+02
   7.8872803e+02
   7.1101904e+02
   7.2169556e+02
   7.4563892e+02
   7.6330273e+02
   7.6940088e+02
   7.5090210e+02
   7.4261377e+02
   7.7217285e+02
   7.6129395e+02
   7.6677588e+02
   7.9128662e+02
   7.6757153e+02
   7.7472900e+02
   7.7616748e+02
   7.4767334e+02
   7.0374365e+02
   7.1764917e+02
   7.2967529e+02
   7.5735791e+02
   7.2036743e+02
   7.4401221e+02
   7.5039404e+02
   7.6547632e+02
   7.4454370e+02
   7.2292700e+02
   7.1679980e+02
   7.3673096e+02
   7.0239795e+02
   6.8125806e+02
   7.0356323e+02
   7.0025537e+02
   6.9217407e+02
   6.5269141e+02
   6.7888379e+02
   6.3783130e+02
   6.5081641e+02
   6.3925439e+02
   6.6404712e+02
   6.6311719e+02
   6.5629297e+02
   6.3820410e+02
   6.8990771e+02
   7.0517822e+02
   7.1768799e+02
   7.3805176e+02
   7.5071729e+02
   7.4005786e+02
   7.1940820e+02
   6.9105933e+02
   7.3071362e+02
   7.3861792e+02
   7.0284155e+02
   6.7196582e+02
   7.7538818e+02
   7.9041748e+02
   7.2902686e+02
   7.5010767e+02
   7.7384961e+02
   7.8565088e+02
   7.6971777e+02
   7.6887817e+02
   7.2634619e+02
   6.5202441e+02
   6.2266235e+02
   6.3359937e+02
   6.6654517e+02
   6.8304370e+02
   6.5147681e+02
   6.5106665e+02
   6.6172729e+02
   6.5754932e+02
   6.5463696e+02
   6.8113599e+02
   6.9501660e+02
   7.2884595e+02
   7.0837158e+02
   7.3103979e+02
   6.9007104e+02
   7.3870093e+02
   7.5496973e+02
   7.5042676e+02
   7.6084961e+02
   7.5768188e+02
   7.8235107e+02
   7.7636743e+02
   7.5560864e+02
   7.2988184e+02
   7.7992334e+02
   7.2960571e+02
   7.6453857e+02
   7.8440527e+02
   7.7102002e+02
   7.7601074e+02
   7.8894946e+02
   7.8967725e+02
