   5.0221885e+01
   8.0423465e+01
   3.8858712e+01
   7.9280529e+01
   3.3200791e+01
   4.1424744e+01
   5.1178175e+01
   8.2320208e+01
   6.5846014e+01
   4.4297145e+01
   6.1186540e+01
   7.1592530e+01
   6.8728990e+01
   5.8740216e+01
   5.9219216e+01
   5.0029739e+01
   6.4615260e+01
   5.1548018e+01
   4.0026819e+01
   6.4225516e+01
   7.1150376e+01
   4.0822437e+01
   5.2209176e+01
   4.6758775e+01
   5.1161658e+01
   4.5514427e+01
   1.4513570e+02
   5.5714075e+01
   4.6372618e+01
   5.9780888e+01
   6.3052748e+01
   4.9246760e+01
   3.8118910e+01
   3.8853877e+01
   4.4577646e+01
   3.5476481e+01
   6.0569299e+01
   6.5699836e+01
   5.3729699e+01
   4.5521495e+01
   5.4860784e+01
   5.9061756e+01
   4.8251510e+01
   5.1351244e+01
   5.9234263e+01
   5.4763619e+01
   5.9078550e+01
   6.4202820e+01
   1.0399450e+02
   7.0597340e+01
   4.5591922e+01
   4.2777722e+01
   5.8255339e+01
   5.0380987e+01
   4.9799333e+01
   5.2955605e+01
   5.5448615e+01
   5.9045867e+01
   5.0292325e+01
   7.8285518e+01
   5.0993952e+01
   6.2129150e+01
   8.2736381e+01
   5.5677655e+01
   5.5279568e+01
   5.2075572e+01
   5.5286791e+01
   8.7437482e+01
   5.9507402e+01
   6.1148012e+01
   5.2672092e+01
   1.8191467e+02
   8.7322205e+01
   6.2960635e+01
   5.2225221e+01
   1.2210856e+02
   8.3195362e+01
   7.3160696e+01
   3.9090074e+01
   5.5652267e+01
   4.5561307e+01
   3.5197537e+01
   5.7089937e+01
   3.0645230e+01
   4.5092320e+01
   3.6148243e+01
   6.1643758e+01
   3.2182208e+01
   5.4145028e+01
   2.6315055e+01
   2.9221878e+01
   4.2772720e+01
   6.9234090e+01
   5.2840040e+01
   7.1851127e+01
   7.0155206e+01
   4.7377763e+01
   4.2714427e+01
   5.0689988e+01
   4.9514926e+01
   3.2058442e+01
   6.2165517e+01
   5.0734700e+01
   5.7349914e+01
   4.1479003e+01
   2.8297780e+01
   4.1577502e+01
   4.2085639e+01
   5.3900698e+01
   2.6425279e+01
   5.2709015e+01
   3.9862166e+01
   7.4483913e+01
   2.5228211e+01
   9.5400352e+02
   1.2302700e+02
   3.7277082e+01
   3.9514607e+01
   3.9567999e+01
   4.3816669e+01
   4.6767714e+01
   5.4795169e+01
   5.4791216e+01
   8.3243025e+01
   3.9203729e+01
   4.5383262e+01
   4.3373972e+01
   6.4113451e+01
   4.5015392e+01
   5.1432809e+01
   7.5072790e+01
   8.0987813e+01
   8.4636233e+01
   7.8649799e+01
   1.1733226e+02
   7.1515376e+01
   3.4201109e+01
   4.4761131e+01
   3.2064295e+01
   3.5279771e+01
   2.2298401e+01
   4.8018684e+01
   3.3121080e+01
   3.5267782e+01
   3.8539512e+01
   6.9063651e+01
   4.1603878e+01
   4.6154825e+01
   3.6279145e+01
   3.1781066e+01
   5.0845139e+01
   5.4457626e+01
   2.7990324e+01
   3.5540562e+01
   5.1163821e+01
   2.7242938e+01
   3.7479427e+01
   3.2332624e+01
   3.5538555e+01
   3.2084786e+01
   3.9432898e+01
   4.7693577e+01
   6.3574659e+01
   5.9848290e+01
   6.2753209e+01
   5.9222179e+01
   3.3939514e+01
   4.7110505e+01
   6.3411461e+01
   3.8916312e+01
   3.4631095e+01
   3.8825798e+01
   4.7682144e+01
   5.6234852e+01
   4.4690120e+01
   2.5284923e+01
   3.0209557e+01
   4.1412373e+01
   3.8257169e+01
   8.8601741e+02
   3.4980317e+01
   3.3297949e+01
   3.6099731e+01
   4.1569137e+01
   3.4185506e+01
   3.9568851e+01
   5.4919672e+01
   6.3831959e+01
   6.8114741e+01
   5.1691821e+01
   5.9267982e+01
   4.6358488e+01
   4.3524685e+01
   5.2507799e+01
   4.8251384e+01
   5.8046158e+01
   5.9049504e+01
   5.0682294e+01
   4.8167187e+01
   4.3730492e+01
   5.8004248e+01
   4.2814363e+01
   4.0660203e+01
   4.2301225e+01
   4.2220374e+01
   3.8164489e+01
   5.9863167e+01
   9.1731664e+01
   1.3476714e+02
   9.4087593e+01
   5.5770626e+01
   6.3831612e+01
   5.7383829e+01
   4.6119228e+01
   3.4196915e+01
   7.0867239e+01
   5.2588000e+01
   3.6705600e+01
   3.6585336e+01
   4.6843588e+01
   4.6462411e+01
   4.2585831e+01
   3.6177384e+01
   3.4768338e+01
   3.4662109e+01
   3.6705510e+01
   3.0911186e+01
   5.0584471e+01
   5.2848471e+01
   5.3513364e+01
   3.4232216e+01
   3.0825550e+01
   3.4607866e+01
   5.2379136e+01
   3.8318802e+01
   4.3379753e+01
   3.5588542e+01
   3.9065140e+01
   4.3069360e+01
   4.7667098e+01
   5.0947114e+01
   4.2022260e+01
   4.7515059e+01
   3.9533390e+01
   7.5284988e+01
   5.1116197e+01
   4.2792603e+01
   5.6139298e+01
   4.4442880e+01
   4.3415868e+01
   5.0546669e+01
   4.3322759e+01
   4.9568438e+01
   6.1601443e+01
   4.0947626e+01
   2.8860999e+01
   3.2785750e+01
   4.5382148e+01
   4.4285507e+01
   3.7645684e+01
   3.8360251e+01
   5.0428262e+01
   2.4814122e+01
   3.9192350e+01
   5.4206284e+01
   4.1850308e+01
   3.6379239e+01
   5.5472204e+01
   4.8476775e+01
   6.6801147e+01
   4.9998888e+01
   3.5707994e+01
   4.8306242e+01
   2.8919962e+01
   3.7926336e+01
   3.7474202e+01
   3.8217596e+01
   4.6331664e+01
   5.1370846e+01
   4.3947915e+01
   5.3138592e+01
   5.5780513e+01
   3.6771191e+01
   3.7213243e+01
   3.6746193e+01
   3.2242316e+01
   4.0195175e+01
