   6.3041233e+01
   4.6341804e+01
   4.7274050e+01
   4.0119296e+01
   5.7670691e+01
   4.9346684e+01
   3.4876505e+01
   7.1174175e+01
   4.4909526e+01
   5.1086363e+01
   3.9039162e+01
   5.4855473e+01
   4.7716477e+01
   3.6978559e+01
   4.7679628e+01
   5.0309344e+01
   5.0237825e+01
   3.1731014e+01
   4.4040922e+01
   5.0130859e+01
   4.2543646e+01
   5.1583258e+01
   4.4849395e+01
   3.4472067e+01
   7.9420046e+01
   5.1902993e+01
   4.9650604e+01
   4.6086447e+01
   5.2514001e+01
   7.5359113e+01
   4.8971799e+01
   3.3747201e+01
   3.4964741e+01
   4.3064451e+01
   3.0257252e+01
   4.3344615e+01
   1.2719459e+02
   1.2500853e+02
   7.0464906e+01
   5.8518033e+01
   6.3135406e+01
   5.2726080e+01
   2.5614243e+01
   5.4815251e+01
   3.0872812e+01
   4.4843155e+01
   7.9812314e+01
   4.5675530e+01
   3.3511956e+01
   5.4751289e+01
   3.5816984e+01
   3.4562986e+01
   3.3857034e+01
   3.7804033e+01
   7.8935882e+01
   3.2347959e+01
   4.9718748e+01
   5.0764811e+01
   8.5315807e+01
   6.7055627e+01
   2.7604856e+01
   3.1366953e+01
   2.8166541e+01
   6.3801811e+01
   8.5933313e+01
   8.8334839e+01
   5.5341596e+01
   4.4278594e+01
   4.6085833e+01
   5.6065991e+01
   1.5348906e+02
   1.1193360e+02
   7.4300511e+01
   5.8974354e+01
   1.2693947e+02
   6.5370041e+01
   1.2341550e+02
   1.3438607e+02
   5.3038333e+01
   6.0873538e+01
   5.2804257e+01
   5.3248228e+01
   1.3215390e+02
   6.9296381e+01
   5.9193887e+01
   5.5524655e+01
   6.7111170e+01
   1.1075192e+02
   7.6344527e+01
   5.4910379e+01
   1.0282693e+02
   1.0706448e+02
   1.1862295e+02
   1.2254763e+02
   8.8556922e+01
   9.3290967e+01
   8.4162147e+01
   6.0990864e+01
   4.2206786e+01
   5.1461908e+01
   5.0652617e+01
   4.8606972e+01
   6.9212981e+01
   5.5582830e+01
   4.0406617e+01
   3.7312110e+01
   2.9766022e+01
   3.6028275e+01
   4.1833867e+01
   9.1572046e+01
   1.0088900e+02
   7.4495184e+01
   1.7263571e+02
   1.4133336e+02
   1.1321579e+02
   1.1051153e+02
   1.0975733e+02
   1.6557595e+02
   8.2938723e+01
   1.2128715e+02
   1.0036583e+02
   1.0998692e+02
   1.1644507e+02
   1.1575844e+02
   1.9659588e+02
   5.3892993e+01
   6.9373208e+01
   5.5401716e+01
   7.8501344e+01
   1.1536161e+02
   1.1941557e+02
   5.2356333e+01
   5.8852365e+01
   9.3689216e+01
   3.5962017e+01
   4.6372578e+01
   9.2719653e+01
   9.2676757e+01
   6.3328802e+01
   5.0962962e+01
   5.0561292e+01
   9.7086639e+01
   6.8813052e+01
   4.6875638e+01
   7.7616107e+01
   6.0551315e+01
   6.5390335e+01
   4.1203144e+01
   6.3495352e+01
   6.1214588e+01
   8.5138306e+01
   7.0551582e+01
   5.6400187e+01
   7.2954604e+01
   1.0256140e+02
   1.0453623e+02
   1.2995037e+02
   5.8817575e+01
   7.5348751e+01
   1.0525121e+02
   7.5637175e+01
   6.3323496e+01
   6.2015997e+01
   5.6336832e+01
   6.1061189e+01
   5.4481242e+01
   5.5414602e+01
   5.6977187e+01
   5.4298464e+01
   5.2493664e+01
   6.1023178e+01
   5.5677338e+01
   8.7167270e+01
   9.6787943e+01
   9.6211746e+01
   6.5569330e+01
   7.1019688e+01
   7.3611388e+01
   7.3860640e+01
   7.3159732e+01
   6.7880821e+01
   6.5728461e+01
   6.1476499e+01
   1.2277067e+02
   1.1158393e+02
   7.2848527e+01
   8.9878529e+01
   7.2078687e+01
   8.7815865e+01
   1.0012325e+02
   7.0527151e+01
   8.3051424e+01
   1.1495351e+02
   9.7419844e+01
   1.0975640e+02
   9.1623738e+01
   1.0313671e+02
   8.0804786e+01
   7.8420961e+01
   9.1467461e+01
   9.5846972e+01
   8.3145429e+01
   7.6257997e+01
   8.5162160e+01
   7.8015965e+01
   9.1367542e+01
   7.0971667e+01
   1.0378897e+02
