   5.4655870e-02
   4.8732943e-02
   1.0798122e-01
   6.0538117e-02
   8.6854460e-02
   6.6239316e-02
   1.2470024e-01
   1.0000000e-01
   2.6683938e-01
   1.6790123e-01
   6.2052506e-02
   7.4162679e-02
   6.3084112e-02
   4.0948276e-02
   1.1860465e-01
   5.0108932e-02
   8.0275229e-02
   1.4000000e-01
   9.1981132e-02
   6.4794816e-02
   7.9545455e-02
   6.3876652e-02
   6.2360802e-02
   4.7034765e-02
   2.2088353e-02
   5.2023121e-02
   7.6190476e-03
   2.6565465e-02
   5.5226824e-02
   3.1313131e-01
   5.3677932e-02
   1.8556701e-02
   1.0574713e-01
   1.2230216e-01
   1.0538117e-01
   2.5000000e-01
   3.5276074e-01
   4.3668122e-02
   2.4282561e-02
   1.6427105e-02
   1.6260163e-03
   1.6728625e-02
   8.2372323e-03
   5.4200542e-03
   0.0000000e+00
   2.4813896e-03
   2.4844720e-03
   1.2106538e-02
   5.6737589e-03
   6.2015504e-03
   1.2681159e-02
   7.6045627e-03
   1.9379845e-03
   1.6822430e-02
   1.4466546e-02
   0.0000000e+00
   3.3670034e-02
   1.9891501e-02
   3.4602076e-02
   2.7124774e-02
   1.2323944e-02
   1.1986301e-02
   3.0508475e-02
   3.2154341e-03
   3.9151713e-02
   4.7468354e-03
   1.1647255e-02
   8.2644628e-03
   1.5444015e-02
   5.7361377e-03
   3.5778175e-03
   4.0540541e-02
   5.1181102e-02
   5.8333333e-02
   6.6793893e-02
   2.1359223e-02
   1.1928429e-02
   5.7494867e-02
   2.6070764e-02
   2.4029575e-02
   5.6092843e-02
   2.5490196e-02
   2.9013540e-02
   7.3394495e-03
   5.5248619e-03
   8.9766607e-03
   1.4134276e-02
   1.7452007e-02
   5.1635112e-03
   9.6899225e-03
   6.2992126e-02
   3.2142857e-02
   4.0322581e-02
   4.6583851e-03
   1.4400000e-02
   1.5015015e-03
   9.5389507e-03
   1.5313936e-02
   5.5401662e-03
   1.6129032e-02
   1.8633540e-02
   3.0581040e-02
   2.8662420e-02
   1.6051364e-02
   1.9575856e-02
   0.0000000e+00
   0.0000000e+00
   6.9686411e-03
   1.8903592e-03
   1.3806706e-02
   7.4487896e-03
   3.9292731e-03
   2.2267206e-02
   1.2500000e-02
   7.8740157e-03
   9.7465887e-03
   3.6511156e-02
   2.0120724e-03
   0.0000000e+00
   6.3559322e-03
   4.0339703e-02
   2.1141649e-02
   6.4102564e-02
   1.4939759e-01
   2.2172949e-03
   4.2735043e-03
   2.1008403e-02
   4.1860465e-02
   2.7088036e-02
   5.3864169e-02
   2.0316027e-02
   0.0000000e+00
   7.3660714e-02
   2.0845070e-01
   3.0422535e-01
   1.6434540e-01
   1.5083799e-01
   1.7191977e-01
   1.3390313e-01
   1.0888252e-01
   1.4202899e-01
   1.7352941e-01
   1.7417417e-01
   1.3293051e-01
   1.4156627e-01
   1.9207317e-01
   1.7065868e-01
   7.3446328e-02
   8.1460674e-02
   1.3609467e-01
   1.1818182e-01
   1.1042945e-01
   2.0833333e-01
   3.5076923e-01
   3.7237237e-01
   3.1306991e-01
   3.7421384e-01
   3.3986928e-01
   3.2362460e-01
   4.7634069e-01
   4.0584416e-01
   3.8607595e-01
   4.7021944e-01
   3.7162162e-01
   4.7766323e-01
   4.3137255e-01
   2.4115756e-01
   5.4458599e-01
   5.1960784e-01
   4.3910256e-01
   2.5333333e-01
   3.7755102e-01
   4.4290657e-01
   4.3055556e-01
   4.0277778e-01
   4.1666667e-01
   3.4948097e-01
   4.3448276e-01
   4.2708333e-01
   4.4014085e-01
   4.6126761e-01
   4.2807018e-01
   4.7887324e-01
   4.8928571e-01
   4.0123457e-01
   6.7013889e-01
   4.9664430e-01
   5.9581882e-01
   4.5544554e-01
   5.0000000e-01
   6.3095238e-01
   6.6283525e-01
   5.8076923e-01
   6.3529412e-01
   6.9076305e-01
   2.9059829e-01
   6.3424125e-01
   6.0080645e-01
   6.0251046e-01
   5.4918033e-01
   6.1410788e-01
   4.5161290e-01
   5.5200000e-01
   5.4150198e-01
   4.2968750e-01
   4.4280443e-01
   4.7426471e-01
   4.4981413e-01
   2.9900332e-01
   2.3778502e-01
   3.5143770e-01
   2.0606061e-01
   4.4838710e-01
   5.7142857e-01
   5.5595668e-01
   5.8426966e-01
   6.2030075e-01
   7.3977695e-01
   6.6171004e-01
   5.2536232e-01
   5.6488550e-01
   6.0000000e-01
   6.4406780e-01
   5.9917355e-01
   6.2195122e-01
   6.2248996e-01
   6.3600000e-01
   6.6269841e-01
   6.8110236e-01
   5.9615385e-01
   5.8687259e-01
   3.5568513e-01
   1.4452214e-01
   1.0869565e-01
   6.6225166e-02
   1.1805556e-01
   2.5316456e-01
   3.0458221e-01
   9.8591549e-02
   1.2345679e-02
   1.9762846e-03
   2.2821577e-02
   2.8761062e-02
   1.0411622e-01
   1.3559322e-01
   1.4202899e-01
   1.0204082e-01
   1.7052023e-01
   6.5040650e-02
   8.8319088e-02
   8.9337176e-02
   5.1771117e-02
   1.3563830e-01
   8.3557951e-02
   3.2258065e-02
   1.4112903e-02
   6.0120240e-03
   3.1460674e-02
