   2.6171538e-02
   2.4309088e-02
   3.5460287e-02
   3.2773547e-02
   3.5030671e-02
   2.9096142e-02
   3.6534928e-02
   3.1380618e-02
   5.0060171e-02
   4.2479770e-02
   2.8727549e-02
   3.3563729e-02
   3.4037569e-02
   2.2588619e-02
   3.7065122e-02
   4.6927910e-02
   2.9013877e-02
   3.6693051e-02
   2.9654178e-02
   2.9463599e-02
   3.3400088e-02
   2.5819349e-02
   2.5680190e-02
   2.5721491e-02
   2.2214815e-02
   2.6417319e-02
   1.7147150e-02
   1.9777126e-02
   2.5760772e-02
   6.1882689e-02
   2.8579769e-02
   2.1333194e-02
   3.0691007e-02
   3.3477613e-02
   3.1375707e-02
   4.7013874e-02
   4.6753892e-02
   2.5140652e-02
   2.1706196e-02
   1.9693806e-02
   1.1171101e-02
   3.6747152e-02
   1.4297498e-02
   3.1230262e-02
   6.6335547e-03
   1.2293707e-02
   2.0464027e-02
   3.8480963e-02
   1.2011992e-02
   3.6234187e-02
   3.4963931e-02
   1.1378136e-02
   1.1124385e-02
   2.8566270e-02
   2.1445418e-02
   9.8926854e-03
   2.9063874e-02
   2.1148617e-02
   3.2200685e-02
   3.5883073e-02
   2.0251717e-02
   1.4839437e-02
   3.8228107e-02
   9.8301492e-03
   2.7442540e-02
   9.7000913e-03
   2.5208713e-02
   1.8494761e-02
   1.8264361e-02
   1.5355258e-02
   1.2044120e-02
   2.7122595e-02
   3.2057988e-02
   2.7016584e-02
   4.9763429e-02
   3.8671055e-02
   1.7007424e-02
   3.7686456e-02
   1.9798849e-02
   2.2382245e-02
   3.4059341e-02
   2.0476433e-02
   2.3280727e-02
   1.4011463e-02
   1.3426082e-02
   1.3553869e-02
   3.8374043e-02
   1.7554403e-02
   1.4102038e-02
   1.6316575e-02
   3.1312465e-02
   2.3525860e-02
   3.7829264e-02
   1.5554502e-02
   1.7188601e-02
   1.0600654e-02
   1.4020766e-02
   1.9542156e-02
   1.2327985e-02
   2.2802094e-02
   2.0502802e-02
   2.1174100e-02
   2.0264100e-02
   1.8448140e-02
   2.3527291e-02
   8.5254258e-03
   9.6591925e-03
   1.1821111e-02
   1.2065354e-02
   1.9487264e-02
   1.7664945e-02
   1.1783159e-02
   1.8280706e-02
   1.9191904e-02
   1.6714485e-02
   1.4876096e-02
   2.8066135e-02
   1.3977346e-02
   1.3441021e-02
   1.6560943e-02
   2.7800128e-02
   2.2340343e-02
   2.8329902e-02
   4.1245051e-02
   1.4136490e-02
   1.0717527e-02
   1.8162490e-02
   2.2914198e-02
   1.8933530e-02
   2.3849744e-02
   1.7856842e-02
   1.1495071e-02
   3.0397221e-02
   4.0160733e-02
   4.4563327e-02
   3.7748914e-02
   3.7256397e-02
   3.7344750e-02
   3.6068746e-02
   3.5123034e-02
   3.7516721e-02
   3.6071335e-02
   3.6755952e-02
   3.6034265e-02
   3.4550426e-02
   3.7207190e-02
   3.9353419e-02
   3.4940911e-02
   2.8025871e-02
   3.5249869e-02
   3.6079626e-02
   3.6523545e-02
   4.3229798e-02
   5.1541261e-02
   6.1506830e-02
   5.2460522e-02
   5.9433013e-02
   5.3884408e-02
   4.6559841e-02
   5.9619456e-02
   5.8381915e-02
   4.8053010e-02
   7.5469876e-02
   5.5990105e-02
   6.7214024e-02
   5.8215427e-02
   5.6515684e-02
   8.9035776e-02
   8.9061776e-02
   7.0679758e-02
   4.5072941e-02
   5.5820381e-02
   5.6934917e-02
   5.3366591e-02
   5.4374792e-02
   5.7090328e-02
   5.1458217e-02
   5.5121152e-02
   5.5808172e-02
   5.7999271e-02
   5.5610757e-02
   5.7874638e-02
   6.0311895e-02
   6.1378568e-02
   9.7153039e-02
   1.0931613e-01
   9.9840746e-02
   1.0463517e-01
   7.8270096e-02
   9.1461819e-02
   1.1727369e-01
   1.0592466e-01
   9.5925432e-02
   8.0818363e-02
   8.5974195e-02
   6.3703954e-02
   8.7461609e-02
   8.8405978e-02
   7.8121646e-02
   7.3981749e-02
   7.7049507e-02
   6.7537644e-02
   7.0742773e-02
   6.6134669e-02
   6.1706304e-02
   7.3756030e-02
   7.0297660e-02
   5.9195913e-02
   5.6535527e-02
   6.6891204e-02
   8.3291627e-02
   5.7558587e-02
   9.5666238e-02
   1.1325339e-01
   9.2987985e-02
   1.0107938e-01
   1.1273222e-01
   1.2306392e-01
   1.1062613e-01
   8.8317957e-02
   1.0260842e-01
   7.9865019e-02
   9.1656923e-02
   8.8114923e-02
   8.5135091e-02
   8.4216755e-02
   8.5081725e-02
   9.0262250e-02
   8.7447149e-02
   8.5570641e-02
   9.2608363e-02
   7.6986444e-02
   4.1540808e-02
   4.1429149e-02
   2.7227843e-02
   3.5868265e-02
   5.9797549e-02
   6.9712695e-02
   3.8230583e-02
   1.7659444e-02
   1.5350773e-02
   2.2055193e-02
   2.0659909e-02
   3.1556207e-02
   3.4647009e-02
   3.4029569e-02
   3.2208414e-02
   3.8066871e-02
   2.8917085e-02
   3.0965333e-02
   3.0255730e-02
   2.6672706e-02
   3.3218410e-02
   2.9526588e-02
   2.2920198e-02
   3.8940867e-02
   1.5352896e-02
   2.6238705e-02
