   8.2383662e+01
   8.1628393e+01
   5.9025737e+01
   5.6860041e+01
   6.9296413e+01
   3.6375479e+01
   3.9311800e+01
   5.8337318e+01
   3.6623955e+01
   6.6580114e+01
   6.2691627e+01
   2.8750446e+01
   3.6983348e+01
   4.3263672e+01
   3.6812528e+01
   3.2605824e+01
   3.8932679e+01
   7.1800045e+01
   4.1007022e+01
   2.6864086e+01
   1.7945609e+01
   2.2255866e+01
   6.7143240e+01
   5.0077134e+01
   6.0816744e+01
   5.4736588e+01
   4.0565581e+01
   2.6163752e+01
   2.5474182e+01
   3.8112913e+01
   3.8422848e+01
   4.2068012e+01
   2.6794250e+01
   3.8104930e+01
   4.1013095e+01
   2.9086377e+01
   6.1031225e+01
   4.2386360e+01
   4.8590422e+01
   5.7022297e+01
   4.0377224e+01
   5.1700069e+01
   5.6972464e+01
   4.1197474e+01
   7.2217371e+01
   3.8354244e+01
   2.9472504e+01
   6.3578867e+01
   3.7944860e+01
   4.0903143e+01
   5.3066171e+01
   4.1085088e+01
   9.6972126e+01
   5.0672537e+01
   5.0353060e+01
   5.0500729e+01
   3.8007955e+01
   4.7583098e+01
   6.2633219e+01
   5.9339435e+01
   5.2572046e+01
   3.9502161e+01
   6.5929252e+01
   4.0633572e+01
   4.2612745e+01
   4.6103085e+01
   7.7594974e+01
   7.7851382e+01
   8.0285289e+01
   5.0296881e+01
   6.4389886e+01
   4.2407704e+01
   8.0897520e+01
   5.4868081e+01
   4.1332337e+01
   4.9296123e+01
   4.9087152e+01
   5.0696420e+01
   3.7278839e+01
   5.0568529e+01
   6.2884232e+01
   3.8988673e+01
   7.0430312e+01
   4.3014484e+01
   3.5932036e+01
   4.6573749e+01
   5.4584629e+01
   4.2695415e+01
   5.0337519e+01
   5.2551186e+01
   4.4651425e+01
   5.2630578e+01
   4.8992741e+01
   5.3801649e+01
   3.1302463e+01
   3.3547671e+01
   4.2276080e+01
   6.6169082e+01
   4.4545282e+01
   5.7720639e+01
   6.8885463e+01
   7.0742594e+01
   7.4491971e+01
   6.0135565e+01
   4.5205735e+01
   4.1350779e+01
   7.0229472e+01
   5.1004796e+01
   3.7828136e+01
   4.3532706e+01
   5.6224667e+01
   6.9929625e+01
   5.0197425e+01
   5.0041713e+01
   5.8621287e+01
   5.6165836e+01
   7.4573027e+01
   3.8181741e+01
   3.5651245e+01
   3.1380385e+01
   3.7058588e+01
   3.5408960e+01
   3.5798626e+01
   4.2931733e+01
   3.7935907e+01
   3.6651742e+01
   3.5157833e+01
   6.1266301e+01
   6.3936818e+01
   6.7447715e+01
   7.4443972e+01
   7.3037253e+01
   5.8261428e+01
   5.4093065e+01
   6.3914521e+01
   6.1466147e+01
   1.1324837e+02
   6.0499735e+01
   3.7588630e+01
   3.6128787e+01
   2.3932629e+01
   1.6067507e+01
   2.3288823e+01
   3.0067328e+01
   3.9231205e+01
   1.6597610e+01
   1.3874596e+01
   1.6860612e+01
   1.2288992e+01
   1.3118807e+01
   3.9881862e+01
   3.4672593e+01
   4.3705757e+01
   5.8217644e+01
   6.6798491e+01
   5.1797549e+01
   4.0330698e+01
   3.5271205e+01
   2.8945188e+01
   8.8324002e+01
   4.0256294e+01
   3.2641845e+01
   7.7787292e+01
   7.6656250e+01
   4.7971800e+01
   6.5607486e+01
   6.1787357e+01
   5.5215278e+01
   5.6397367e+01
   5.7656493e+01
   4.4322798e+01
   3.6137923e+01
   5.5725715e+01
   2.5511635e+01
   4.0090256e+01
   3.3629524e+01
   3.2374446e+01
   3.3688050e+01
   3.5454396e+01
   8.6476294e+01
   4.6422306e+01
   4.1296744e+01
   4.4964362e+01
   8.3384300e+01
   6.2663118e+01
   4.8772968e+01
   3.5627265e+01
   4.4783578e+01
   5.0435347e+01
   4.6470153e+01
   4.6801737e+01
   8.2918896e+01
   4.6774038e+01
   3.8151966e+01
   3.4963035e+01
   2.3331558e+01
   2.5399468e+01
   2.3551165e+01
   2.5576976e+01
   2.1399634e+01
   2.1237452e+01
   2.3219720e+01
   2.0953192e+01
   7.9652998e+01
   7.7379314e+01
   6.1461861e+01
   3.2145259e+01
   3.5195823e+01
   3.1536850e+01
   2.9720054e+01
   3.3779422e+01
   3.6409546e+01
   2.5542542e+01
   3.5745816e+01
   4.6474077e+01
   6.7339059e+01
   3.3319144e+01
   5.8971660e+01
   3.6867901e+01
   3.6990106e+01
   3.0617099e+01
   1.0910747e+02
   6.0253102e+01
   5.7347411e+01
   4.0183238e+01
   3.3648727e+01
   4.7944762e+01
   1.1902409e+02
   8.7096818e+01
   5.4937133e+01
   4.8888107e+01
   5.6487729e+01
   4.5261132e+01
   4.2150233e+01
   8.3025341e+01
   9.8530224e+01
   5.2509984e+01
   3.9894360e+01
   4.2415325e+01
   6.5416563e+01
   9.0482574e+01
   9.0228046e+01
   7.4194791e+01
   8.4199652e+01
   5.1474016e+01
   5.1922349e+01
   4.1254132e+01
   5.5940613e+01
   9.9414429e+01
   8.0768443e+01
   6.3178928e+01
   4.4297163e+01
   3.1998547e+01
   3.6868214e+01
   5.9320711e+01
   6.5717879e+01
   8.3310597e+01
