   7.3043804e+01
   6.3636965e+01
   6.3921803e+01
   6.0153174e+01
   7.3893196e+01
   7.2167326e+01
   8.3429482e+01
   7.2421660e+01
   9.4458853e+01
   7.0476043e+01
   8.3100423e+01
   9.0546788e+01
   5.0350848e+01
   9.0922675e+01
   7.4269214e+01
   7.7745779e+01
   9.0692815e+01
   8.9528758e+01
   8.4573728e+01
   7.6566561e+01
   7.6673473e+01
   6.2412806e+01
   6.1688980e+01
   7.2697028e+01
   6.4959892e+01
   5.8613146e+01
   7.4935343e+01
   9.2922310e+01
   7.8963626e+01
   8.5621876e+01
   8.1334103e+01
   6.4020916e+01
   7.3516453e+01
   6.1653984e+01
   6.8579137e+01
   7.2286291e+01
   6.2660449e+01
   6.9463877e+01
   6.3013901e+01
   8.5391745e+01
   8.1082127e+01
   5.9387027e+01
   1.0694010e+02
   9.8253166e+01
   1.0025568e+02
   8.0636779e+01
   8.1983435e+01
   1.0324967e+02
   1.1316696e+02
   1.1014610e+02
   6.2785182e+01
   5.2969950e+01
   8.4897693e+01
   4.9075606e+01
   5.0660258e+01
   5.1492366e+01
   4.9881407e+01
   6.7704718e+01
   4.5694895e+01
   4.8502044e+01
   4.8236214e+01
   4.7255551e+01
   5.3636246e+01
   9.5838205e+01
   7.2487953e+01
   7.6675568e+01
   7.9962022e+01
   6.6178716e+01
   6.9190407e+01
   1.0988264e+02
   1.0299627e+02
   8.9772615e+01
   1.0854643e+02
   9.5502752e+01
   5.8418011e+01
   1.0305978e+02
   1.0813061e+02
   1.2985187e+02
   7.8006640e+01
   1.2386440e+02
   1.5866765e+02
   6.4796539e+01
   7.9726959e+01
   7.8629792e+01
   6.4929546e+01
   7.5006929e+01
   6.2512639e+01
   8.4860829e+01
   6.9274559e+01
   7.8130625e+01
   5.1296942e+01
   6.2103632e+01
   7.3669685e+01
   1.0252318e+02
   1.0528453e+02
   8.9603589e+01
   1.3026246e+02
   1.1877912e+02
   1.3624064e+02
   1.1541182e+02
   1.3483367e+02
   1.0144489e+02
   1.2612287e+02
   8.4582684e+01
   1.0964267e+02
   1.1275127e+02
   1.3112912e+02
   9.7097952e+01
   1.2333468e+02
   6.9133756e+01
   5.0906931e+01
   9.3463308e+01
   6.6986140e+01
   7.1092622e+01
   9.3259990e+01
   1.0493054e+02
   7.7716649e+01
   8.8996080e+01
   6.5740585e+01
   6.1534625e+01
   7.4624901e+01
   6.3147168e+01
   5.8747266e+01
   6.5186879e+01
   1.3731373e+02
   1.2406154e+02
   6.8731684e+01
   1.5168201e+02
   1.3659823e+02
   8.8653199e+01
   8.9515695e+01
   9.7616608e+01
   1.2035551e+02
   1.0635254e+02
   8.7029054e+01
   1.1852307e+02
   6.8995852e+01
   6.2918708e+01
   8.5345991e+01
   1.4154958e+02
   8.3729190e+01
   1.2940803e+02
   1.2432226e+02
   8.1757425e+01
   1.1120328e+02
   1.0027208e+02
   1.2766977e+02
   1.1717190e+02
   9.2465834e+01
   8.6399921e+01
   1.1919525e+02
   6.6110862e+01
   1.2346946e+02
   1.1099261e+02
   1.0805750e+02
   6.9549726e+01
   8.0326466e+01
   7.2670113e+01
   5.7716827e+01
   7.0579762e+01
   1.0302058e+02
   1.5712248e+02
   1.1860794e+02
   1.2760351e+02
   8.8374858e+01
   7.5084567e+01
   7.7002143e+01
   1.1575993e+02
   1.3072119e+02
   1.6007569e+02
   1.1765720e+02
   1.0622748e+02
   1.0979370e+02
   1.0909349e+02
   1.2150757e+02
   8.2491966e+01
   1.4353461e+02
   9.8214068e+01
   1.1523674e+02
   6.8240286e+01
   7.5972036e+01
   7.6759717e+01
   5.8839459e+01
   5.4667441e+01
   1.1545145e+02
   5.7051546e+01
   4.8472916e+01
   9.1302995e+01
   8.4726895e+01
   8.9477046e+01
