   7.3978968e+01
   1.1248765e+02
   7.1673641e+01
   5.7387234e+01
   9.4019380e+01
   1.0605860e+02
   5.4396973e+01
   1.1815217e+02
   6.9855715e+01
   1.2394832e+02
   7.1074831e+01
   9.5702607e+01
   6.4632401e+01
   1.0785940e+02
   8.0844574e+01
   5.1551589e+01
   1.0302520e+02
   7.3975914e+01
   6.3772933e+01
   5.4616228e+01
   9.1908971e+01
   1.0160603e+02
   7.1406577e+01
   7.0737170e+01
   6.7124120e+01
   5.7019884e+01
   8.4789498e+01
   7.0679335e+01
   5.2622905e+01
   7.7108780e+01
   7.6926640e+01
   5.7872325e+01
   8.0762980e+01
   1.0509566e+02
   6.5960978e+01
   4.6624443e+01
   4.8226905e+01
   5.9183371e+01
   4.8877198e+01
   8.0419774e+01
   8.5037865e+01
   6.1536730e+01
   4.1078389e+01
   5.6484935e+01
   7.0355095e+01
   8.6177343e+01
   7.7138210e+01
   6.3595773e+01
   3.3529844e+01
   7.7768962e+01
   6.9392683e+01
   2.9020855e+01
   3.8439954e+01
   1.0510560e+02
   3.2784281e+01
   4.9027396e+01
   7.8047827e+01
   4.9729062e+01
   1.0324947e+02
   7.4726508e+01
   5.8502908e+01
   5.4685399e+01
   6.4096558e+01
   5.1749927e+01
   7.1003542e+01
   3.9267090e+01
   1.1672797e+02
   6.6412565e+01
   6.4841808e+01
   1.1015090e+02
   6.2748338e+01
   5.9061472e+01
   6.2697774e+01
   9.9399491e+01
   8.4748947e+01
   6.4099174e+01
   2.0765851e+02
   9.4169872e+01
   1.6099058e+02
   9.1514478e+01
   1.3244252e+02
   7.3803651e+01
   8.9878025e+01
   1.0897182e+02
   1.0737007e+02
   1.3313727e+02
   1.1009289e+02
   6.4729466e+01
   5.3474377e+01
   8.5600704e+01
   8.9665148e+01
   8.8181241e+01
   9.0663229e+01
   6.0241885e+01
   5.2731911e+01
   8.2496876e+01
   1.1111747e+02
   8.3852655e+01
   9.6692527e+01
   7.3727416e+01
   6.5066100e+01
   9.7832615e+01
   1.1949232e+02
   9.0398721e+01
   1.0482403e+02
   5.5051495e+01
   6.6625607e+01
   1.0377286e+02
   5.0503920e+01
   7.3827515e+01
   7.6762567e+01
   8.2523937e+01
   9.5941740e+01
   8.4367467e+01
   8.4787201e+01
   9.0749656e+01
   6.9732954e+01
   8.0504275e+01
   5.3601026e+01
   3.6887371e+01
   6.2769825e+01
   5.2677381e+01
   6.4631321e+01
   1.0824764e+02
   5.0371393e+01
   5.9519844e+01
   1.0224197e+02
   7.0061763e+01
   1.1104325e+02
   5.7412852e+01
   5.9202305e+01
   4.7964555e+01
   6.1915882e+01
   7.7501446e+01
   8.8349948e+01
   9.5666554e+01
   8.5325294e+01
   8.9711355e+01
   9.8952689e+01
   9.9660711e+01
   8.7614614e+01
   1.1267164e+02
   6.6934669e+01
   7.7858971e+01
   1.1053789e+02
   8.6367359e+01
   1.1953514e+02
   1.1020637e+02
   8.4816332e+01
   8.9028895e+01
   1.1202292e+02
   1.0872749e+02
   1.0742175e+02
   8.2369944e+01
   1.1838294e+02
   1.0952263e+02
   8.0094652e+01
   7.5432302e+01
   7.8190501e+01
   1.0660342e+02
   7.4440301e+01
   8.6559528e+01
   1.2592489e+02
   8.7938996e+01
   1.2091877e+02
   1.3038964e+02
   8.2886175e+01
   7.5291702e+01
   7.6364034e+01
   7.7819023e+01
   8.1283923e+01
   1.1061289e+02
   7.4444571e+01
   9.4117854e+01
   1.4490462e+02
   6.8575163e+01
   7.2160281e+01
   6.5621905e+01
   5.8945719e+01
   6.1035698e+01
   5.5886675e+01
   6.3614565e+01
   4.9773060e+01
   6.7031992e+01
   4.9646809e+01
   1.2140790e+02
   5.6814253e+01
   8.1966983e+01
   6.3488534e+01
   1.2410111e+02
   5.2955140e+01
   1.8596286e+02
   1.2763616e+02
   3.9780288e+01
   3.6335648e+01
   8.0187062e+01
   4.4873432e+01
   4.1338111e+01
   1.0065482e+02
   5.7168965e+01
   3.8627052e+01
   5.7036631e+01
   4.6903960e+01
   5.8205692e+01
   1.1854454e+02
   7.1023787e+01
   1.1870894e+02
   8.6565836e+01
   8.4769226e+01
   1.4271078e+02
   1.0226193e+02
   8.2677559e+01
   7.8139727e+01
   5.2193365e+01
   7.5937717e+01
   5.9911980e+01
   1.4553871e+02
   9.3828185e+01
   7.5076982e+01
   1.3438080e+02
   6.8684345e+01
   8.0653148e+01
   9.7376106e+01
   6.0791334e+01
   1.5118863e+02
   1.0081487e+02
   7.7310392e+01
   7.7196496e+01
   1.6092964e+02
   1.2900291e+02
   1.2204757e+02
   9.9571675e+01
   1.1642411e+02
   1.8641352e+02
   7.6232180e+01
   7.9036796e+01
   8.6414462e+01
   1.6105098e+02
   8.2041995e+01
   1.3121564e+02
   8.1729529e+01
   7.2979134e+01
   8.8619198e+01
   7.5288346e+01
   8.4288068e+01
   1.5355768e+02
   1.0113148e+02
   1.2020711e+02
   7.3602842e+01
   7.7547139e+01
   8.2035170e+01
   1.2643618e+02
   1.1701526e+02
   8.5704384e+01
   1.1176678e+02
   8.6287169e+01
   9.8357714e+01
   1.1903869e+02
   6.1181270e+01
   6.6516148e+01
   1.3463922e+02
   7.7547429e+01
   7.0129248e+01
   1.2214105e+02
   8.2682864e+01
   1.4720758e+02
   1.3134030e+02
   9.3450007e+01
