   3.0952381e-01
   2.1633554e-01
   1.5560641e-01
   2.4885845e-01
   2.5842697e-01
   3.5154394e-01
   2.3113208e-01
   3.0567686e-01
   1.6025641e-01
   1.5242494e-01
   1.6869919e-01
   2.7817746e-01
   2.4060150e-01
   2.2897196e-01
   2.2100656e-01
   1.8932039e-01
   2.7916667e-01
   2.3370787e-01
   2.9341317e-01
   2.7703985e-01
   3.6272545e-01
   2.9018789e-01
   2.9205607e-01
   2.7713626e-01
   3.0136986e-01
   2.7251185e-01
   2.4885845e-01
   3.7704918e-01
   3.6341463e-01
   2.7777778e-01
   3.1610338e-01
   2.5623583e-01
   2.7546296e-01
   2.5542169e-01
   2.5125628e-01
   3.2736573e-01
   3.6729223e-01
   2.8831169e-01
   2.3324397e-01
   3.8734177e-01
   2.9353234e-01
   2.3571429e-01
   2.4821002e-01
   3.7301587e-01
   4.0547945e-01
   4.5538462e-01
   4.5768025e-01
   4.7151899e-01
   3.5511364e-01
   3.6134454e-01
   5.0666667e-01
   4.7781570e-01
   4.1438356e-01
   3.8907850e-01
   4.7840532e-01
   4.2715232e-01
   4.6405229e-01
   3.6633663e-01
   3.6741214e-01
   3.9937107e-01
   3.9197531e-01
   3.9879154e-01
   3.7349398e-01
   3.6627907e-01
   3.3509235e-01
   3.8770053e-01
   3.5356201e-01
   4.5480226e-01
   4.3504532e-01
   3.8438438e-01
   4.8734177e-01
   4.7474747e-01
   3.9506173e-01
   3.6697248e-01
   3.2380952e-01
   3.5802469e-01
   3.9747634e-01
   4.1896024e-01
   4.9666667e-01
   4.6925566e-01
   4.4345238e-01
   3.4650456e-01
   2.6392962e-01
   2.3275862e-01
   2.6331361e-01
   2.5149701e-01
   3.0606061e-01
   2.3598820e-01
   3.6391437e-01
   3.6990596e-01
   3.7304075e-01
   3.4810127e-01
   4.0125392e-01
   3.4743202e-01
   3.5093168e-01
   4.2019544e-01
   4.4776119e-01
   4.8397436e-01
   4.8286604e-01
   5.4180602e-01
   4.5337621e-01
   5.6250000e-01
   5.4098361e-01
   5.9797297e-01
   5.3691275e-01
   5.5218855e-01
   5.4777070e-01
   5.0680272e-01
   4.6341463e-01
   2.5290698e-01
   6.1333333e-02
   2.1971831e-01
   1.5083799e-01
   3.4513274e-01
   3.7647059e-01
   3.9634146e-01
   4.7096774e-01
   4.5245902e-01
   4.4039735e-01
   3.7898089e-01
   4.5973154e-01
   3.7953795e-01
   4.0066225e-01
   4.5333333e-01
   4.9840256e-01
   5.3594771e-01
   5.8666667e-01
   4.0740741e-01
   5.1746032e-01
   5.1644737e-01
   5.0628931e-01
   4.8286604e-01
   4.6290801e-01
   5.9477124e-01
   5.1324503e-01
   5.3289474e-01
   6.0472973e-01
   6.0606061e-01
   5.9800664e-01
   4.8543689e-01
   4.5364238e-01
   4.1100324e-01
   4.3217666e-01
   4.6268657e-01
   4.0058480e-01
   3.0028329e-01
   5.0000000e-01
   5.0455927e-01
   5.0485437e-01
   5.2063492e-01
   4.6200608e-01
   4.6788991e-01
   5.0000000e-01
   5.3376206e-01
   6.0409556e-01
   6.0069444e-01
   5.7337884e-01
   5.2348993e-01
   5.1677852e-01
   5.4729730e-01
   5.0165017e-01
   5.4798762e-01
   6.3057325e-01
   5.5627010e-01
   4.8580442e-01
   3.7134503e-01
   3.6778116e-01
   4.4510386e-01
   5.0613497e-01
   3.5635359e-01
   3.1693989e-01
   2.7927928e-01
   3.3249370e-01
   2.7131783e-01
   3.2707775e-01
   4.3529412e-01
   4.0896359e-01
   4.8672566e-01
   3.5714286e-01
   2.4657534e-01
   3.2394366e-01
   3.6626506e-01
   3.6744186e-01
   2.8801843e-01
   3.4180139e-01
   3.4024896e-01
   2.8898129e-01
   3.8428875e-01
   3.7309645e-01
   2.9629630e-01
