   5.7719373e-02
   4.3702511e-02
   3.8969771e-02
   5.1167555e-02
   4.9336269e-02
   5.7769342e-02
   4.5544116e-02
   5.4300253e-02
   3.8583077e-02
   3.5915670e-02
   3.9320680e-02
   4.9165579e-02
   4.3656353e-02
   4.7068602e-02
   4.3655454e-02
   4.5486342e-02
   4.9376340e-02
   4.6770153e-02
   5.2414059e-02
   5.0226413e-02
   5.8951238e-02
   5.2575167e-02
   5.4547244e-02
   5.3585075e-02
   5.4393060e-02
   4.9187907e-02
   4.6013523e-02
   6.8580676e-02
   5.8409509e-02
   5.1123958e-02
   5.2951852e-02
   4.9418432e-02
   5.4019158e-02
   4.9451912e-02
   4.5627038e-02
   5.4945567e-02
   5.5364767e-02
   5.3532537e-02
   4.5698892e-02
   5.9863368e-02
   5.4206579e-02
   5.1558358e-02
   5.4466801e-02
   6.7099508e-02
   6.8605244e-02
   6.1734194e-02
   6.1293860e-02
   6.9997717e-02
   7.6781068e-02
   7.2054271e-02
   6.8589163e-02
   5.7673732e-02
   5.8687675e-02
   5.1825086e-02
   5.9031891e-02
   5.7607228e-02
   5.6628851e-02
   5.8296160e-02
   5.0946975e-02
   5.3075329e-02
   5.4477966e-02
   5.2150317e-02
   5.1839360e-02
   5.7244986e-02
   5.8274236e-02
   6.6704152e-02
   6.1498954e-02
   6.6844579e-02
   6.9334406e-02
   6.2870476e-02
   6.4254956e-02
   7.1438325e-02
   5.6407961e-02
   5.7308116e-02
   5.0048611e-02
   5.8895545e-02
   5.6581506e-02
   6.4710482e-02
   7.2563696e-02
   7.2884312e-02
   7.0151834e-02
   5.4596503e-02
   5.8303307e-02
   4.9457807e-02
   4.8342558e-02
   4.9033015e-02
   4.9249119e-02
   4.4577598e-02
   5.7904540e-02
   5.8531346e-02
   5.1656540e-02
   5.7387093e-02
   6.3040341e-02
   6.5621293e-02
   6.1961744e-02
   6.8846144e-02
   6.1408298e-02
   7.2823351e-02
   7.9774370e-02
   8.2981442e-02
   8.0777213e-02
   7.7513963e-02
   8.1398433e-02
   8.1100996e-02
   7.8314715e-02
   8.2200973e-02
   8.6124983e-02
   7.9657622e-02
   6.8064845e-02
   5.0026243e-02
   2.7016933e-02
   6.2635588e-02
   4.8427248e-02
   6.3064536e-02
   6.4822336e-02
   6.5502700e-02
   7.1673498e-02
   7.3529296e-02
   6.3463944e-02
   5.6482848e-02
   6.6677074e-02
   5.9492352e-02
   5.8982178e-02
   6.5664856e-02
   7.5446064e-02
   8.5046565e-02
   8.2889243e-02
   6.5380456e-02
   8.2049056e-02
   7.9396221e-02
   8.9830641e-02
   8.1241208e-02
   7.4820854e-02
   9.3624232e-02
   8.0119075e-02
   8.3892044e-02
   7.9732789e-02
   7.9306591e-02
   8.8147396e-02
   7.9538190e-02
   6.6853180e-02
   7.1039166e-02
   7.7480414e-02
   7.1622664e-02
   7.8122205e-02
   6.9593539e-02
   8.3248487e-02
   9.9831575e-02
   9.4389265e-02
   8.8385142e-02
   8.1348812e-02
   7.3877657e-02
   8.8868921e-02
   7.8167373e-02
   8.3932180e-02
   7.7727533e-02
   8.1926380e-02
   7.1404533e-02
   6.8159579e-02
   7.7178343e-02
   8.2460592e-02
   1.0152192e-01
   9.4430357e-02
   9.0170631e-02
   7.6812792e-02
   6.1451593e-02
   6.7440078e-02
   8.1440973e-02
   9.0793384e-02
   7.4014688e-02
   7.6365243e-02
   5.7411016e-02
   5.6652171e-02
   5.1472554e-02
   5.9563448e-02
   6.9507807e-02
   6.4582694e-02
   7.2272203e-02
   6.0671136e-02
   6.1497225e-02
   5.9313661e-02
   6.1047740e-02
   6.4163255e-02
   5.4929175e-02
   5.6331951e-02
   5.6512621e-02
   5.2538156e-02
   5.9411802e-02
   6.1549844e-02
   5.1343614e-02
